ArrowHead
OSSE-LSTM
[[        nan         nan         nan         nan         nan         nan         nan         nan         nan         nan]
 [ 0.59055554  0.57583332  0.55666665  0.55777776  0.55861109  0.63638887  0.55972220  0.55444443  0.58027776  0.53583332]
 [ 0.68083331  0.63111109  0.61833331  0.71499997  0.61888887  0.59888887  0.77583331  0.69916664  0.59083331  0.52416665]
 [ 0.74611108  0.61722220  0.58805554  0.65833331  0.58194443  0.75861109  0.68666664  0.71916664  0.59861109  0.61888887]
 [ 0.73416664  0.71361109  0.70388887  0.58333331  0.65638887  0.59694442  0.69083331  0.57499998  0.73999997  0.58666665]
 [ 0.76666664  0.75194442  0.73527775  0.70861109  0.71999997  0.81999998  0.76666664  0.79888886  0.69222220  0.71166664]
 [ 0.75861108  0.83027775  0.77694442  0.69111109  0.73222220  0.67111109  0.84861109  0.81722220  0.79527775  0.75305553]
 [ 0.84611108  0.79333331  0.81666664  0.77194442  0.78805553  0.68277775  0.80138886  0.83333331  0.78194442  0.68444442]
 [ 0.79861108  0.82249998  0.82027775  0.78583331  0.75194442  0.75999997  0.90805553  0.87222220  0.85333331  0.71611109]
 [ 0.86222220  0.86222220  0.86222220  0.86222220  0.86222220  0.86222220  0.86222220  0.86222220  0.86222220  0.86222220]]
OS-LSTM
[[        nan         nan         nan         nan         nan         nan         nan         nan         nan         nan]
 [        nan         nan         nan         nan         nan         nan         nan         nan         nan         nan]
 [        nan         nan         nan         nan         nan         nan         nan         nan         nan         nan]
 [ 0.74305553  0.62888887  0.61638887  0.72416664  0.59277776  0.70638887  0.73694442  0.69499997  0.63694442  0.63999998]
 [        nan         nan         nan         nan         nan         nan         nan         nan         nan         nan]
 [        nan         nan         nan         nan         nan         nan         nan         nan         nan         nan]
 [        nan         nan         nan         nan         nan         nan         nan         nan         nan         nan]
 [        nan         nan         nan         nan         nan         nan         nan         nan         nan         nan]
 [ 0.80694442  0.82583331  0.85666664  0.77861108  0.80305553  0.76611108  0.79138886  0.86527775  0.84972220  0.76805553]
 [        nan         nan         nan         nan         nan         nan         nan         nan         nan         nan]]
OSCNN_SE
[[        nan         nan         nan         nan         nan         nan         nan         nan         nan         nan]
 [ 0.66055553  0.55361109  0.55833332  0.56888887  0.56305554  0.48027776  0.54861109  0.58805554  0.57361109  0.63722220]
 [ 0.70499998  0.59888887  0.62083331  0.66999998  0.68861109  0.60999998  0.68611109  0.61611109  0.60166665  0.57638887]
 [ 0.70305553  0.63805553  0.68777775  0.66499998  0.62166665  0.73138886  0.72166664  0.73777775  0.60444442  0.60305554]
 [ 0.75472220  0.65555553  0.68611109  0.63694442  0.65277776  0.68138887  0.77444442  0.63444442  0.72277775  0.61638887]
 [ 0.74805553  0.76527775  0.79527775  0.67916664  0.73805553  0.79999997  0.70083331  0.77027775  0.72777775  0.70916664]
 [ 0.70222220  0.70166664  0.79916664  0.74694442  0.76499997  0.72138886  0.73527775  0.71694442  0.81444442  0.70083331]
 [ 0.81499997  0.75861109  0.80805553  0.73472220  0.72944442  0.70611109  0.77916664  0.82861109  0.73888886  0.69249998]
 [ 0.78388886  0.75749997  0.82555553  0.74138886  0.81222220  0.74611108  0.76749997  0.80749998  0.77916664  0.73333331]
 [ 0.79499997  0.79499997  0.79499997  0.79499997  0.79499997  0.79499997  0.79499997  0.79499997  0.79499997  0.79499997]]
OSCNN
[[        nan         nan         nan         nan         nan         nan         nan         nan         nan         nan]
 [ 0.70083331  0.73083331  0.46916666  0.58749998  0.59166665  0.62583331  0.55083332  0.59749998  0.59416665  0.67999997]
 [ 0.68666664  0.68416664  0.61416665  0.70916664  0.76333330  0.54583332  0.78999997  0.79999997  0.68499998  0.47999999]
 [ 0.73249997  0.73083331  0.70833331  0.73249997  0.63583331  0.72749997  0.68499998  0.77083330  0.68416664  0.73166664]
 [ 0.72916664  0.71749997  0.67666664  0.63416665  0.68666664  0.65499998  0.82833330  0.61999998  0.76583331  0.69249997]
 [ 0.72666664  0.77166664  0.78333330  0.70166664  0.67249998  0.75666664  0.81499997  0.80916664  0.74249997  0.68416664]
 [ 0.81333330  0.79916664  0.77166664  0.83416664  0.63999998  0.73583330  0.85416664  0.78499997  0.69666664  0.82249997]
 [ 0.71166664  0.72999997  0.75916664  0.79416664  0.84666664  0.72833331  0.73666664  0.87833331  0.72166664  0.61916665]
 [ 0.73833330  0.76416664  0.83999997  0.68749998  0.74499997  0.80166664  0.86666664  0.77583330  0.73999997  0.71583331]
 [ 0.76333330  0.76333330  0.76333330  0.76333330  0.76333330  0.76333330  0.76333330  0.76333330  0.76333330  0.76333330]]
Chinatown
OSSE-LSTM
[[        nan         nan         nan         nan         nan         nan         nan         nan         nan         nan]
 [        nan         nan         nan         nan         nan         nan         nan         nan         nan         nan]
 [ 0.97000000  0.97583333  0.85125000  0.97625000  0.98083333  0.97750000  0.96375000  0.98291667  0.98166667  0.97250000]
 [ 0.98125000  0.97666667  0.94708333  0.98583333  0.95916667  0.95541667  0.97750000  0.95083333  0.98291667  0.99375000]
 [ 0.98375000  0.98458333  0.98125000  0.99208333  0.98791667  0.98833333  0.98458333  0.98666667  0.99208333  0.97500000]
 [ 0.99458333  0.99208333  0.98541667  0.98791667  0.98666667  0.98416667  0.98166667  0.98125000  0.98791667  0.99250000]
 [ 0.99458333  0.99208333  0.97750000  0.98166667  0.99208333  0.99041667  0.98750000  0.99083333  0.98750000  0.99208333]
 [ 0.99333333  0.99000000  0.98666667  0.99125000  0.99250000  0.99125000  0.99125000  0.99041667  0.99458333  0.99208333]
 [ 0.99416667  0.99291667  0.98500000  0.99208333  0.98916667  0.98750000  0.98666667  0.99041667  0.99208333  0.98625000]
 [ 0.98791667  0.98791667  0.98791667  0.98791667  0.98791667  0.98791667  0.98791667  0.98791667  0.98791667  0.98791667]]
OS-LSTM
[[        nan         nan         nan         nan         nan         nan         nan         nan         nan         nan]
 [        nan         nan         nan         nan         nan         nan         nan         nan         nan         nan]
 [        nan         nan         nan         nan         nan         nan         nan         nan         nan         nan]
 [ 0.99500000  0.98416667  0.99041667  0.98458333  0.99125000  0.94083333  0.95666667  0.98125000  0.97958333  0.97000000]
 [        nan         nan         nan         nan         nan         nan         nan         nan         nan         nan]
 [        nan         nan         nan         nan         nan         nan         nan         nan         nan         nan]
 [        nan         nan         nan         nan         nan         nan         nan         nan         nan         nan]
 [        nan         nan         nan         nan         nan         nan         nan         nan         nan         nan]
 [ 0.98666667  0.98583333  0.97708333  0.99125000  0.97958333  0.98458333  0.97875000  0.98750000  0.98916667  0.98791667]
 [        nan         nan         nan         nan         nan         nan         nan         nan         nan         nan]]
OSCNN_SE
[[        nan         nan         nan         nan         nan         nan         nan         nan         nan         nan]
 [        nan         nan         nan         nan         nan         nan         nan         nan         nan         nan]
 [ 0.95041667  0.97166667  0.84500000  0.95166667  0.84750000  0.90583333  0.94083333  0.97250000  0.98166667  0.88958333]
 [ 0.97458333  0.96875000  0.94458333  0.97083333  0.68458333  0.96458333  0.95125000  0.94541667  0.96875000  0.97541667]
 [ 0.98291667  0.97666667  0.95958333  0.97416667  0.98208333  0.97916667  0.97583333  0.98208333  0.97500000  0.95750000]
 [ 0.97125000  0.97791667  0.97125000  0.98250000  0.97875000  0.98291667  0.98541667  0.97458333  0.97625000  0.97875000]
 [ 0.98583333  0.98333333  0.98166667  0.98875000  0.97875000  0.97958333  0.97583333  0.97833333  0.98375000  0.98250000]
 [ 0.97875000  0.98166667  0.97791667  0.99041667  0.98333333  0.98666667  0.98208333  0.98000000  0.98625000  0.97458333]
 [ 0.98458333  0.98291667  0.98500000  0.98750000  0.98666667  0.98000000  0.98208333  0.97791667  0.98666667  0.99083333]
 [ 0.98291667  0.98291667  0.98291667  0.98291667  0.98291667  0.98291667  0.98291667  0.98291667  0.98291667  0.98291667]]
OSCNN
[[        nan         nan         nan         nan         nan         nan         nan         nan         nan         nan]
 [        nan         nan         nan         nan         nan         nan         nan         nan         nan         nan]
 [ 0.96000000  0.96500000  0.91000000  0.98125000  0.98000000  0.97625000  0.97375000  0.97500000  0.97750000  0.90375000]
 [ 0.98875000  0.98625000  0.94125000  0.96625000  0.88500000  0.95250000  0.96875000  0.98375000  0.97625000  0.98000000]
 [ 0.98000000  0.98625000  0.98375000  0.98250000  0.98250000  0.97500000  0.98250000  0.98250000  0.95500000  0.98250000]
 [ 0.98000000  0.98750000  0.98250000  0.97750000  0.97250000  0.98375000  0.97750000  0.96500000  0.98250000  0.99000000]
 [ 0.98500000  0.97250000  0.98125000  0.98000000  0.97375000  0.98500000  0.97625000  0.98375000  0.98000000  0.98125000]
 [ 0.97500000  0.98500000  0.98750000  0.98250000  0.97500000  0.98375000  0.98500000  0.98125000  0.99000000  0.98500000]
 [ 0.97750000  0.98250000  0.97625000  0.98250000  0.98750000  0.97750000  0.97250000  0.98750000  0.97375000  0.98250000]
 [ 0.98250000  0.98250000  0.98250000  0.98250000  0.98250000  0.98250000  0.98250000  0.98250000  0.98250000  0.98250000]]
ECG200
OSSE-LSTM
[[ 0.61833333  0.77208333  0.64958333  0.67958333  0.77083333  0.71791667  0.69416667  0.70333333  0.64500000  0.81583333]
 [ 0.85000000  0.76750000  0.74166667  0.79833333  0.71458333  0.79458333  0.79208333  0.78750000  0.74250000  0.79916667]
 [ 0.83041667  0.82000000  0.70041667  0.80916667  0.81500000  0.73541667  0.79750000  0.69958333  0.83916667  0.80291667]
 [ 0.80166667  0.81250000  0.78208333  0.79666667  0.79125000  0.79291667  0.81375000  0.82416667  0.79875000  0.82625000]
 [ 0.83333333  0.81291667  0.85083333  0.79875000  0.81458333  0.81125000  0.85083333  0.85333333  0.77916667  0.84958333]
 [ 0.83250000  0.85041667  0.86125000  0.85916667  0.88041667  0.80333333  0.87083333  0.85041667  0.86375000  0.85208333]
 [ 0.86875000  0.83666667  0.89833333  0.89291667  0.87666667  0.89125000  0.93791667  0.86750000  0.87583333  0.88166667]
 [ 0.84958333  0.85500000  0.90083333  0.86166667  0.89333333  0.89250000  0.90458333  0.92166667  0.88916667  0.87958333]
 [ 0.88833333  0.89625000  0.89291667  0.89083333  0.87958333  0.90041667  0.90166667  0.86375000  0.87958333  0.87291667]
 [ 0.89000000  0.89000000  0.89000000  0.89000000  0.89000000  0.89000000  0.89000000  0.89000000  0.89000000  0.89000000]]
OS-LSTM
[[        nan         nan         nan         nan         nan         nan         nan         nan         nan         nan]
 [        nan         nan         nan         nan         nan         nan         nan         nan         nan         nan]
 [        nan         nan         nan         nan         nan         nan         nan         nan         nan         nan]
 [ 0.82708333  0.85416667  0.83291667  0.82458333  0.79750000  0.78208333  0.83625000  0.77958333  0.80083333  0.82000000]
 [        nan         nan         nan         nan         nan         nan         nan         nan         nan         nan]
 [        nan         nan         nan         nan         nan         nan         nan         nan         nan         nan]
 [        nan         nan         nan         nan         nan         nan         nan         nan         nan         nan]
 [        nan         nan         nan         nan         nan         nan         nan         nan         nan         nan]
 [ 0.88583333  0.86250000  0.88791667  0.89166667  0.88625000  0.87500000  0.89625000  0.86833333  0.88291667  0.86250000]
 [        nan         nan         nan         nan         nan         nan         nan         nan         nan         nan]]
OSCNN_SE
[[ 0.63291667  0.75500000  0.59541667  0.61833333  0.73458333  0.69750000  0.61083333  0.69583333  0.63708333  0.74125000]
 [ 0.80791667  0.77041667  0.70041667  0.74375000  0.71916667  0.75375000  0.76291667  0.77541667  0.73750000  0.83333333]
 [ 0.83291667  0.83500000  0.72208333  0.83416667  0.81500000  0.75916667  0.78083333  0.69416667  0.80875000  0.76583333]
 [ 0.79458333  0.84958333  0.83083333  0.80333333  0.79166667  0.78250000  0.80583333  0.84000000  0.80166667  0.81500000]
 [ 0.84083333  0.83500000  0.85833333  0.83583333  0.81791667  0.80583333  0.85083333  0.83708333  0.76458333  0.81375000]
 [ 0.84791667  0.86208333  0.90291667  0.88125000  0.88791667  0.86583333  0.88250000  0.85958333  0.86125000  0.90208333]
 [ 0.86541667  0.87375000  0.93291667  0.90041667  0.87291667  0.86250000  0.92416667  0.88000000  0.88750000  0.91041667]
 [ 0.88958333  0.85041667  0.91958333  0.88375000  0.91416667  0.88333333  0.90958333  0.90958333  0.88958333  0.91083333]
 [ 0.89500000  0.91291667  0.91791667  0.91750000  0.88916667  0.91375000  0.91208333  0.90541667  0.94416667  0.89958333]
 [ 0.90458333  0.90458333  0.90458333  0.90458333  0.90458333  0.90458333  0.90458333  0.90458333  0.90458333  0.90458333]]
OSCNN
[[ 0.70750000  0.73625000  0.66125000  0.70125000  0.71750000  0.71375000  0.62625000  0.75375000  0.61375000  0.74250000]
 [ 0.79875000  0.79875000  0.71250000  0.76875000  0.77250000  0.79250000  0.75875000  0.74875000  0.75875000  0.79500000]
 [ 0.79125000  0.84625000  0.68875000  0.77000000  0.76500000  0.78875000  0.80750000  0.72125000  0.81500000  0.83875000]
 [ 0.83250000  0.80500000  0.79125000  0.77875000  0.81000000  0.83125000  0.80625000  0.80125000  0.82000000  0.82875000]
 [ 0.81000000  0.80250000  0.84625000  0.80125000  0.81125000  0.85625000  0.79875000  0.83500000  0.77500000  0.79750000]
 [ 0.84375000  0.84250000  0.87625000  0.83625000  0.87500000  0.84750000  0.84625000  0.87375000  0.82000000  0.87875000]
 [ 0.81625000  0.85125000  0.86250000  0.89125000  0.85750000  0.85875000  0.90125000  0.82125000  0.87250000  0.86375000]
 [ 0.85375000  0.84000000  0.85500000  0.82750000  0.86125000  0.85500000  0.85250000  0.89250000  0.89750000  0.85125000]
 [ 0.87500000  0.87500000  0.86875000  0.90000000  0.87625000  0.89625000  0.89375000  0.86250000  0.87375000  0.88500000]
 [ 0.86875000  0.86875000  0.86875000  0.86875000  0.86875000  0.86875000  0.86875000  0.86875000  0.86875000  0.86875000]]
GunPointAgeSpan
OSSE-LSTM
[[ 0.92541667  0.82250000  0.87916667  0.95791667  0.91958333  0.91791667  0.63166667  0.89375000  0.83166667  0.91041667]
 [ 0.93500000  0.91000000  0.94458333  0.94041667  0.91750000  0.95958333  0.96166667  0.95291667  0.94958333  0.95416667]
 [ 0.96250000  0.96625000  0.95083333  0.97916667  0.96833333  0.97958333  0.98416667  0.98708333  0.95541667  0.98291667]
 [ 0.97125000  0.97750000  0.99041667  0.96625000  0.98750000  0.98791667  0.97958333  0.98041667  0.99500000  0.98541667]
 [ 0.97791667  0.98583333  0.96583333  0.97916667  0.99541667  0.99083333  0.97333333  0.99250000  0.98750000  0.98791667]
 [ 0.97750000  0.99750000  0.96250000  0.96250000  0.99125000  0.98708333  0.99500000  0.98541667  0.99666667  0.98875000]
 [ 0.98333333  0.99625000  0.99583333  1.00000000  0.99666667  0.99666667  0.99583333  0.99750000  1.00000000  0.99291667]
 [ 0.99625000  0.99666667  0.99375000  0.99375000  0.99333333  0.98875000  0.99083333  0.99750000  1.00000000  0.99541667]
 [ 1.00000000  0.99458333  0.99500000  0.99666667  0.99458333  0.99541667  0.99916667  0.99541667  0.99750000  1.00000000]
 [ 0.99750000  0.99750000  0.99750000  0.99750000  0.99750000  0.99750000  0.99750000  0.99750000  0.99750000  0.99750000]]
OS-LSTM
[[        nan         nan         nan         nan         nan         nan         nan         nan         nan         nan]
 [        nan         nan         nan         nan         nan         nan         nan         nan         nan         nan]
 [        nan         nan         nan         nan         nan         nan         nan         nan         nan         nan]
 [ 0.95750000  0.99208333  0.97666667  0.95541667  0.99291667  0.99333333  0.98375000  0.97791667  0.98916667  0.99083333]
 [        nan         nan         nan         nan         nan         nan         nan         nan         nan         nan]
 [        nan         nan         nan         nan         nan         nan         nan         nan         nan         nan]
 [        nan         nan         nan         nan         nan         nan         nan         nan         nan         nan]
 [        nan         nan         nan         nan         nan         nan         nan         nan         nan         nan]
 [ 0.99583333  0.99250000  0.99500000  0.99750000  0.99958333  0.99916667  0.99666667  0.99958333  0.99291667  1.00000000]
 [        nan         nan         nan         nan         nan         nan         nan         nan         nan         nan]]
OSCNN_SE
[[ 0.91666667  0.72500000  0.80750000  0.94833333  0.87208333  0.91333333  0.66500000  0.84208333  0.75208333  0.88791667]
 [ 0.93250000  0.95833333  0.94666667  0.92583333  0.88833333  0.97041667  0.95291667  0.92708333  0.93166667  0.94041667]
 [ 0.96208333  0.97250000  0.93375000  0.98541667  0.94375000  0.98208333  0.94625000  0.98250000  0.96083333  0.97791667]
 [ 0.96666667  0.98541667  0.98875000  0.96000000  0.99125000  0.96750000  0.98208333  0.97833333  0.99333333  0.98208333]
 [ 0.98583333  0.98833333  0.95541667  0.95916667  0.97583333  0.98666667  0.99333333  0.98833333  0.98291667  0.98333333]
 [ 0.99416667  0.99541667  0.96458333  0.95000000  0.99500000  0.97916667  1.00000000  0.98916667  0.99041667  0.98916667]
 [ 0.99375000  0.99250000  0.98166667  0.99916667  0.99583333  0.99125000  0.99375000  0.99500000  0.99625000  0.97333333]
 [ 0.99750000  0.99541667  0.99791667  0.99791667  0.99250000  0.99166667  0.99958333  0.99500000  0.99791667  0.99208333]
 [ 0.99916667  0.99208333  0.99791667  1.00000000  0.99708333  0.99958333  0.99791667  0.99333333  0.99833333  0.99833333]
 [ 0.99708333  0.99708333  0.99708333  0.99708333  0.99708333  0.99708333  0.99708333  0.99708333  0.99708333  0.99708333]]
OSCNN
[[ 0.91875000  0.85125000  0.81291667  0.92041667  0.82833333  0.91708333  0.63333333  0.83541667  0.83708333  0.89416667]
 [ 0.92083333  0.93333333  0.92916667  0.93083333  0.88416667  0.98250000  0.91500000  0.93541667  0.90958333  0.92916667]
 [ 0.96708333  0.94291667  0.92000000  0.96333333  0.94250000  0.97000000  0.97333333  0.98625000  0.96166667  0.98375000]
 [ 0.95666667  0.97000000  0.98708333  0.93916667  0.98000000  0.97666667  0.98416667  0.98208333  0.97625000  0.98250000]
 [ 0.98541667  0.98333333  0.94625000  0.95166667  0.98625000  0.98375000  0.98541667  0.97875000  0.98250000  0.99208333]
 [ 0.98708333  0.98583333  0.94625000  0.94708333  0.97916667  0.98583333  0.99000000  0.99083333  0.98791667  0.98583333]
 [ 0.98500000  0.98916667  0.98708333  0.99500000  0.99458333  0.99125000  0.98083333  0.99333333  0.99416667  0.99166667]
 [ 0.99750000  0.99541667  0.98625000  0.99583333  0.99541667  0.99125000  0.99333333  0.98583333  0.99916667  0.99208333]
 [ 0.99708333  0.98916667  0.99541667  0.99666667  0.99458333  0.99541667  0.99916667  0.99541667  0.99750000  0.99333333]
 [ 0.99416667  0.99416667  0.99416667  0.99416667  0.99416667  0.99416667  0.99416667  0.99416667  0.99416667  0.99416667]]
GunPointMaleVersusFemale
OSSE-LSTM
[[ 1.00000000  0.99708333  1.00000000  1.00000000  0.77458333  1.00000000  0.95333333  0.96708333  0.94375000  0.98750000]
 [ 1.00000000  1.00000000  1.00000000  1.00000000  1.00000000  0.99958333  1.00000000  0.96541667  1.00000000  1.00000000]
 [ 1.00000000  1.00000000  1.00000000  1.00000000  1.00000000  0.99166667  1.00000000  1.00000000  1.00000000  1.00000000]
 [ 0.99708333  1.00000000  1.00000000  1.00000000  1.00000000  1.00000000  1.00000000  1.00000000  1.00000000  1.00000000]
 [ 1.00000000  1.00000000  0.99958333  1.00000000  1.00000000  1.00000000  1.00000000  1.00000000  0.99833333  1.00000000]
 [ 1.00000000  1.00000000  1.00000000  1.00000000  1.00000000  1.00000000  1.00000000  1.00000000  1.00000000  1.00000000]
 [ 1.00000000  1.00000000  1.00000000  1.00000000  1.00000000  1.00000000  1.00000000  1.00000000  0.99875000  1.00000000]
 [ 1.00000000  1.00000000  1.00000000  1.00000000  1.00000000  1.00000000  1.00000000  1.00000000  1.00000000  1.00000000]
 [ 1.00000000  1.00000000  1.00000000  1.00000000  1.00000000  1.00000000  1.00000000  1.00000000  1.00000000  0.99958333]
 [ 1.00000000  1.00000000  1.00000000  1.00000000  1.00000000  1.00000000  1.00000000  1.00000000  1.00000000  1.00000000]]
OS-LSTM
[[        nan         nan         nan         nan         nan         nan         nan         nan         nan         nan]
 [        nan         nan         nan         nan         nan         nan         nan         nan         nan         nan]
 [        nan         nan         nan         nan         nan         nan         nan         nan         nan         nan]
 [ 1.00000000  0.99166667  1.00000000  1.00000000  1.00000000  1.00000000  1.00000000  1.00000000  1.00000000  1.00000000]
 [        nan         nan         nan         nan         nan         nan         nan         nan         nan         nan]
 [        nan         nan         nan         nan         nan         nan         nan         nan         nan         nan]
 [        nan         nan         nan         nan         nan         nan         nan         nan         nan         nan]
 [        nan         nan         nan         nan         nan         nan         nan         nan         nan         nan]
 [ 0.99750000  1.00000000  1.00000000  1.00000000  1.00000000  0.99875000  1.00000000  1.00000000  1.00000000  1.00000000]
 [        nan         nan         nan         nan         nan         nan         nan         nan         nan         nan]]
OSCNN_SE
[[ 0.99791667  0.95125000  0.99875000  0.99958333  0.69458333  0.99000000  0.88750000  0.95250000  0.91625000  0.99500000]
 [ 0.99333333  0.98500000  0.99916667  1.00000000  0.97458333  0.99583333  1.00000000  0.96625000  0.99958333  0.99875000]
 [ 0.99583333  0.99958333  0.99916667  0.99958333  0.99875000  0.99291667  0.99875000  0.99500000  0.99791667  0.99916667]
 [ 0.99500000  0.99916667  0.99958333  1.00000000  0.99916667  1.00000000  0.99875000  1.00000000  1.00000000  1.00000000]
 [ 0.99625000  1.00000000  0.99541667  0.99958333  1.00000000  0.99958333  0.99958333  0.99875000  0.99958333  0.99583333]
 [ 0.99833333  0.99916667  1.00000000  0.99958333  1.00000000  1.00000000  0.99875000  0.99791667  0.99958333  0.99958333]
 [ 0.99500000  1.00000000  0.99875000  0.99958333  0.99750000  0.99958333  0.99916667  1.00000000  0.99958333  0.99916667]
 [ 1.00000000  1.00000000  0.99833333  1.00000000  0.99916667  1.00000000  1.00000000  1.00000000  1.00000000  1.00000000]
 [ 1.00000000  0.99916667  0.99958333  1.00000000  0.99916667  0.99708333  0.99791667  0.99916667  0.99833333  0.99958333]
 [ 0.99750000  0.99750000  0.99750000  0.99750000  0.99750000  0.99750000  0.99750000  0.99750000  0.99750000  0.99750000]]
OSCNN
[[ 1.00000000  0.99750000  1.00000000  1.00000000  0.74000000  0.99250000  0.93250000  1.00000000  0.94000000  1.00000000]
 [ 1.00000000  0.99000000  1.00000000  1.00000000  0.99500000  1.00000000  1.00000000  0.99500000  0.99750000  0.99750000]
 [ 1.00000000  1.00000000  1.00000000  1.00000000  0.98750000  1.00000000  1.00000000  1.00000000  1.00000000  1.00000000]
 [ 1.00000000  1.00000000  1.00000000  1.00000000  1.00000000  1.00000000  1.00000000  1.00000000  1.00000000  0.99500000]
 [ 1.00000000  1.00000000  1.00000000  1.00000000  1.00000000  1.00000000  1.00000000  1.00000000  1.00000000  1.00000000]
 [ 1.00000000  1.00000000  1.00000000  1.00000000  1.00000000  1.00000000  1.00000000  1.00000000  1.00000000  1.00000000]
 [ 0.99375000  1.00000000  1.00000000  1.00000000  0.99250000  1.00000000  1.00000000  1.00000000  1.00000000  1.00000000]
 [ 1.00000000  1.00000000  1.00000000  1.00000000  1.00000000  1.00000000  1.00000000  1.00000000  1.00000000  1.00000000]
 [ 1.00000000  1.00000000  1.00000000  1.00000000  1.00000000  1.00000000  1.00000000  1.00000000  1.00000000  1.00000000]
 [ 1.00000000  1.00000000  1.00000000  1.00000000  1.00000000  1.00000000  1.00000000  1.00000000  1.00000000  1.00000000]]
GunPointOldVersusYoung
OSSE-LSTM
[[ 1.00000000  1.00000000  1.00000000  1.00000000  1.00000000  1.00000000  1.00000000  1.00000000  1.00000000  1.00000000]
 [ 1.00000000  1.00000000  1.00000000  1.00000000  1.00000000  1.00000000  1.00000000  1.00000000  1.00000000  1.00000000]
 [ 1.00000000  1.00000000  1.00000000  1.00000000  1.00000000  1.00000000  1.00000000  1.00000000  1.00000000  1.00000000]
 [ 1.00000000  1.00000000  1.00000000  1.00000000  1.00000000  1.00000000  1.00000000  1.00000000  1.00000000  1.00000000]
 [ 1.00000000  1.00000000  1.00000000  1.00000000  1.00000000  1.00000000  1.00000000  1.00000000  1.00000000  1.00000000]
 [ 1.00000000  1.00000000  1.00000000  1.00000000  1.00000000  1.00000000  1.00000000  1.00000000  1.00000000  1.00000000]
 [ 1.00000000  1.00000000  1.00000000  1.00000000  1.00000000  1.00000000  1.00000000  1.00000000  1.00000000  1.00000000]
 [ 1.00000000  1.00000000  1.00000000  1.00000000  1.00000000  1.00000000  1.00000000  1.00000000  1.00000000  1.00000000]
 [ 1.00000000  1.00000000  1.00000000  1.00000000  1.00000000  1.00000000  1.00000000  1.00000000  1.00000000  1.00000000]
 [ 1.00000000  1.00000000  1.00000000  1.00000000  1.00000000  1.00000000  1.00000000  1.00000000  1.00000000  1.00000000]]
OS-LSTM
[[ 1.00000000  1.00000000  1.00000000  1.00000000  1.00000000  1.00000000  1.00000000  1.00000000  1.00000000  1.00000000]
 [ 1.00000000  1.00000000  1.00000000  1.00000000  1.00000000  1.00000000  1.00000000  1.00000000  1.00000000  1.00000000]
 [ 1.00000000  1.00000000  1.00000000  1.00000000  1.00000000  1.00000000  1.00000000  1.00000000  1.00000000  1.00000000]
 [ 1.00000000  1.00000000  1.00000000  1.00000000  1.00000000  1.00000000  1.00000000  1.00000000  1.00000000  1.00000000]
 [ 1.00000000  1.00000000  1.00000000  1.00000000  1.00000000  1.00000000  1.00000000  1.00000000  1.00000000  1.00000000]
 [ 1.00000000  1.00000000  1.00000000  1.00000000  1.00000000  1.00000000  1.00000000  1.00000000  1.00000000  1.00000000]
 [ 1.00000000  1.00000000  1.00000000  1.00000000  1.00000000  1.00000000  1.00000000  1.00000000  1.00000000  1.00000000]
 [ 1.00000000  1.00000000  1.00000000  1.00000000  1.00000000  1.00000000  1.00000000  1.00000000  1.00000000  1.00000000]
 [ 1.00000000  1.00000000  1.00000000  1.00000000  1.00000000  1.00000000  1.00000000  1.00000000  1.00000000  1.00000000]
 [ 1.00000000  1.00000000  1.00000000  1.00000000  1.00000000  1.00000000  1.00000000  1.00000000  1.00000000  1.00000000]]
OSCNN_SE
[[ 1.00000000  1.00000000  1.00000000  1.00000000  1.00000000  1.00000000  1.00000000  1.00000000  1.00000000  1.00000000]
 [ 1.00000000  1.00000000  1.00000000  1.00000000  1.00000000  1.00000000  1.00000000  1.00000000  1.00000000  1.00000000]
 [ 1.00000000  1.00000000  1.00000000  1.00000000  1.00000000  1.00000000  1.00000000  1.00000000  1.00000000  1.00000000]
 [ 1.00000000  1.00000000  1.00000000  1.00000000  1.00000000  1.00000000  1.00000000  1.00000000  1.00000000  1.00000000]
 [ 1.00000000  1.00000000  1.00000000  1.00000000  1.00000000  1.00000000  1.00000000  1.00000000  1.00000000  1.00000000]
 [ 1.00000000  1.00000000  1.00000000  1.00000000  1.00000000  1.00000000  1.00000000  1.00000000  1.00000000  1.00000000]
 [ 1.00000000  1.00000000  1.00000000  1.00000000  1.00000000  1.00000000  1.00000000  1.00000000  1.00000000  1.00000000]
 [ 1.00000000  1.00000000  1.00000000  1.00000000  1.00000000  1.00000000  1.00000000  1.00000000  1.00000000  1.00000000]
 [ 1.00000000  1.00000000  1.00000000  1.00000000  1.00000000  1.00000000  1.00000000  1.00000000  1.00000000  1.00000000]
 [ 1.00000000  1.00000000  1.00000000  1.00000000  1.00000000  1.00000000  1.00000000  1.00000000  1.00000000  1.00000000]]
OSCNN
[[ 1.00000000  1.00000000  1.00000000  1.00000000  1.00000000  1.00000000  1.00000000  1.00000000  1.00000000  1.00000000]
 [ 1.00000000  1.00000000  1.00000000  1.00000000  1.00000000  1.00000000  1.00000000  1.00000000  1.00000000  1.00000000]
 [ 1.00000000  1.00000000  1.00000000  1.00000000  1.00000000  1.00000000  1.00000000  1.00000000  1.00000000  1.00000000]
 [ 1.00000000  1.00000000  1.00000000  1.00000000  1.00000000  1.00000000  1.00000000  1.00000000  1.00000000  1.00000000]
 [ 1.00000000  1.00000000  1.00000000  1.00000000  1.00000000  1.00000000  1.00000000  1.00000000  1.00000000  1.00000000]
 [ 1.00000000  1.00000000  1.00000000  1.00000000  1.00000000  1.00000000  1.00000000  1.00000000  1.00000000  1.00000000]
 [ 1.00000000  1.00000000  1.00000000  1.00000000  1.00000000  1.00000000  1.00000000  1.00000000  1.00000000  1.00000000]
 [ 1.00000000  1.00000000  1.00000000  1.00000000  1.00000000  1.00000000  1.00000000  1.00000000  1.00000000  1.00000000]
 [ 1.00000000  1.00000000  1.00000000  1.00000000  1.00000000  1.00000000  1.00000000  1.00000000  1.00000000  1.00000000]
 [ 1.00000000  1.00000000  1.00000000  1.00000000  1.00000000  1.00000000  1.00000000  1.00000000  1.00000000  1.00000000]]
MoteStrain
OSSE-LSTM
[[        nan         nan         nan         nan         nan         nan         nan         nan         nan         nan]
 [        nan         nan         nan         nan         nan         nan         nan         nan         nan         nan]
 [ 0.85708333  0.90416667  0.83791667  0.82083333  0.86583333  0.86166667  0.80125000  0.84791667  0.86791667  0.87625000]
 [ 0.84458333  0.90375000  0.83375000  0.88125000  0.85500000  0.85875000  0.83791667  0.89083333  0.87541667  0.77500000]
 [ 0.87916667  0.89083333  0.86833333  0.88916667  0.90875000  0.84458333  0.87500000  0.81916667  0.88833333  0.87125000]
 [ 0.86666667  0.91833333  0.85708333  0.89750000  0.85791667  0.87833333  0.87666667  0.86166667  0.86625000  0.89208333]
 [ 0.87958333  0.85875000  0.84833333  0.87333333  0.92083333  0.89291667  0.88708333  0.88250000  0.87541667  0.86875000]
 [ 0.88708333  0.90291667  0.91333333  0.86500000  0.92375000  0.88833333  0.92541667  0.91458333  0.92000000  0.89750000]
 [ 0.91625000  0.87416667  0.92375000  0.90541667  0.91958333  0.91000000  0.95041667  0.85958333  0.92500000  0.88708333]
 [ 0.91083333  0.91083333  0.91083333  0.91083333  0.91083333  0.91083333  0.91083333  0.91083333  0.91083333  0.91083333]]
OS-LSTM
[[        nan         nan         nan         nan         nan         nan         nan         nan         nan         nan]
 [        nan         nan         nan         nan         nan         nan         nan         nan         nan         nan]
 [        nan         nan         nan         nan         nan         nan         nan         nan         nan         nan]
 [ 0.88041667  0.87458333  0.87083333  0.86833333  0.83750000  0.85416667  0.87958333  0.88500000  0.87083333  0.83791667]
 [        nan         nan         nan         nan         nan         nan         nan         nan         nan         nan]
 [        nan         nan         nan         nan         nan         nan         nan         nan         nan         nan]
 [        nan         nan         nan         nan         nan         nan         nan         nan         nan         nan]
 [        nan         nan         nan         nan         nan         nan         nan         nan         nan         nan]
 [ 0.91458333  0.89833333  0.90083333  0.89791667  0.92333333  0.90625000  0.90416667  0.89416667  0.91041667  0.92708333]
 [        nan         nan         nan         nan         nan         nan         nan         nan         nan         nan]]
OSCNN_SE
[[        nan         nan         nan         nan         nan         nan         nan         nan         nan         nan]
 [        nan         nan         nan         nan         nan         nan         nan         nan         nan         nan]
 [ 0.84416667  0.88375000  0.81541667  0.84583333  0.87916667  0.84375000  0.84750000  0.83416667  0.89416667  0.83208333]
 [ 0.84750000  0.88166667  0.84833333  0.87458333  0.85208333  0.86500000  0.86500000  0.87625000  0.88375000  0.83791667]
 [ 0.89833333  0.87541667  0.85541667  0.90791667  0.89250000  0.84500000  0.88166667  0.79291667  0.89416667  0.86291667]
 [ 0.85416667  0.89625000  0.87208333  0.86791667  0.85625000  0.92375000  0.90000000  0.84083333  0.86458333  0.87333333]
 [ 0.86750000  0.85708333  0.88791667  0.90416667  0.88500000  0.89083333  0.90166667  0.87833333  0.91125000  0.84625000]
 [ 0.86416667  0.90208333  0.91625000  0.86791667  0.90583333  0.86833333  0.93083333  0.93083333  0.88875000  0.90333333]
 [ 0.90416667  0.90750000  0.89791667  0.92041667  0.91958333  0.91416667  0.91583333  0.89791667  0.91666667  0.86625000]
 [ 0.92750000  0.92750000  0.92750000  0.92750000  0.92750000  0.92750000  0.92750000  0.92750000  0.92750000  0.92750000]]
OSCNN
[[        nan         nan         nan         nan         nan         nan         nan         nan         nan         nan]
 [        nan         nan         nan         nan         nan         nan         nan         nan         nan         nan]
 [ 0.84125000  0.87250000  0.83625000  0.87125000  0.88250000  0.84500000  0.83250000  0.84250000  0.89625000  0.84750000]
 [ 0.87125000  0.86000000  0.89375000  0.90250000  0.87250000  0.88500000  0.87875000  0.87875000  0.88875000  0.84000000]
 [ 0.91750000  0.89875000  0.84875000  0.91500000  0.93250000  0.89625000  0.90625000  0.84875000  0.90125000  0.89625000]
 [ 0.89750000  0.92125000  0.90000000  0.94250000  0.91625000  0.91750000  0.94000000  0.88625000  0.91500000  0.92000000]
 [ 0.91000000  0.90250000  0.90875000  0.86875000  0.91375000  0.90500000  0.93000000  0.89625000  0.90750000  0.90750000]
 [ 0.91750000  0.92500000  0.92250000  0.90875000  0.92750000  0.94375000  0.92125000  0.90875000  0.90625000  0.91000000]
 [ 0.91875000  0.92875000  0.91250000  0.91000000  0.93125000  0.91000000  0.95000000  0.92750000  0.92125000  0.91875000]
 [ 0.91000000  0.91000000  0.91000000  0.91000000  0.91000000  0.91000000  0.91000000  0.91000000  0.91000000  0.91000000]]
SonyAIBORobotSurface1
OSSE-LSTM
[[        nan         nan         nan         nan         nan         nan         nan         nan         nan         nan]
 [        nan         nan         nan         nan         nan         nan         nan         nan         nan         nan]
 [        nan         nan         nan         nan         nan         nan         nan         nan         nan         nan]
 [ 0.90916667  0.96125000  0.97958333  0.98000000  0.97791667  0.84041667  0.98125000  0.87541667  0.95375000  0.94291667]
 [ 0.93500000  0.96541667  0.98208333  0.98291667  0.97666667  0.98625000  0.96666667  0.97791667  0.98833333  0.86041667]
 [ 0.93000000  0.97958333  0.96875000  0.98333333  0.98208333  0.87750000  0.96458333  0.99375000  0.97375000  0.96458333]
 [ 0.94375000  0.98583333  0.97708333  0.98291667  0.98166667  0.91500000  0.98250000  0.96500000  0.95625000  0.96791667]
 [ 0.98208333  0.97416667  0.98291667  0.97458333  0.98208333  0.98791667  0.97708333  0.98666667  0.94500000  0.97958333]
 [ 0.94416667  0.96875000  0.97208333  0.96958333  0.97625000  0.99666667  0.98583333  0.98000000  0.99541667  0.98416667]
 [ 0.98000000  0.98000000  0.98000000  0.98000000  0.98000000  0.98000000  0.98000000  0.98000000  0.98000000  0.98000000]]
OS-LSTM
[[        nan         nan         nan         nan         nan         nan         nan         nan         nan         nan]
 [        nan         nan         nan         nan         nan         nan         nan         nan         nan         nan]
 [        nan         nan         nan         nan         nan         nan         nan         nan         nan         nan]
 [ 0.95625000  0.96125000  0.99166667  0.98750000  0.98000000  0.93833333  0.99333333  0.97208333  0.95791667  0.93375000]
 [        nan         nan         nan         nan         nan         nan         nan         nan         nan         nan]
 [        nan         nan         nan         nan         nan         nan         nan         nan         nan         nan]
 [        nan         nan         nan         nan         nan         nan         nan         nan         nan         nan]
 [        nan         nan         nan         nan         nan         nan         nan         nan         nan         nan]
 [ 0.94166667  0.99000000  0.98708333  0.95291667  0.98833333  0.98250000  0.96791667  0.97541667  0.99291667  0.96833333]
 [        nan         nan         nan         nan         nan         nan         nan         nan         nan         nan]]
OSCNN_SE
[[        nan         nan         nan         nan         nan         nan         nan         nan         nan         nan]
 [        nan         nan         nan         nan         nan         nan         nan         nan         nan         nan]
 [        nan         nan         nan         nan         nan         nan         nan         nan         nan         nan]
 [ 0.89291667  0.88416667  0.92625000  0.90375000  0.93500000  0.88250000  0.90958333  0.89875000  0.85916667  0.88458333]
 [ 0.92125000  0.96166667  0.90500000  0.91250000  0.95083333  0.94208333  0.93833333  0.91875000  0.93583333  0.91333333]
 [ 0.94375000  0.96083333  0.94458333  0.95541667  0.93708333  0.92208333  0.93541667  0.94375000  0.94000000  0.93833333]
 [ 0.93000000  0.94458333  0.94541667  0.94291667  0.93625000  0.92958333  0.93125000  0.95500000  0.93208333  0.96083333]
 [ 0.92083333  0.96541667  0.96125000  0.93750000  0.94791667  0.95875000  0.95291667  0.96291667  0.94500000  0.94875000]
 [ 0.95500000  0.94000000  0.92291667  0.94541667  0.96875000  0.97166667  0.97583333  0.96750000  0.96166667  0.97083333]
 [ 0.94666667  0.94666667  0.94666667  0.94666667  0.94666667  0.94666667  0.94666667  0.94666667  0.94666667  0.94666667]]
OSCNN
[[        nan         nan         nan         nan         nan         nan         nan         nan         nan         nan]
 [        nan         nan         nan         nan         nan         nan         nan         nan         nan         nan]
 [        nan         nan         nan         nan         nan         nan         nan         nan         nan         nan]
 [ 0.92875000  0.90500000  0.93250000  0.90000000  0.95250000  0.91500000  0.89750000  0.89625000  0.90250000  0.88875000]
 [ 0.92750000  0.94000000  0.92125000  0.95875000  0.95375000  0.96375000  0.94250000  0.95500000  0.94375000  0.90625000]
 [ 0.96250000  0.96500000  0.95250000  0.95875000  0.95250000  0.95250000  0.94625000  0.95875000  0.95500000  0.93750000]
 [ 0.93875000  0.98125000  0.95000000  0.97500000  0.94625000  0.95000000  0.92500000  0.95750000  0.94250000  0.96125000]
 [ 0.98000000  0.96250000  0.97375000  0.95750000  0.95625000  0.96500000  0.97500000  0.96625000  0.95250000  0.96250000]
 [ 0.94875000  0.95875000  0.96125000  0.96250000  0.96500000  0.96250000  0.95250000  0.95875000  0.95875000  0.96375000]
 [ 0.97000000  0.97000000  0.97000000  0.97000000  0.97000000  0.97000000  0.97000000  0.97000000  0.97000000  0.97000000]]
SonyAIBORobotSurface2
OSSE-LSTM
[[        nan         nan         nan         nan         nan         nan         nan         nan         nan         nan]
 [ 0.90958333  0.94541667  0.95083333  0.95333333  0.97000000  0.92166667  0.88083333  0.91375000  0.94750000  0.93875000]
 [ 0.96125000  0.97291667  0.94375000  0.95625000  0.97000000  0.95333333  0.93083333  0.95750000  0.95541667  0.94708333]
 [ 0.95041667  0.96583333  0.94458333  0.94791667  0.96666667  0.95916667  0.95750000  0.96000000  0.96958333  0.92708333]
 [ 0.93916667  0.94416667  0.93333333  0.92375000  0.96125000  0.95083333  0.94791667  0.97083333  0.93583333  0.95875000]
 [ 0.94375000  0.97833333  0.98958333  0.94875000  0.95291667  0.94208333  0.94833333  0.97208333  0.95041667  0.96916667]
 [ 0.98166667  0.96958333  0.96583333  0.94958333  0.94208333  0.95750000  0.95833333  0.96583333  0.95041667  0.96416667]
 [ 0.96583333  0.97583333  0.97208333  0.96333333  0.94833333  0.94083333  0.96583333  0.93791667  0.94708333  0.98208333]
 [ 0.98833333  0.97666667  0.97166667  0.95458333  0.98083333  0.98541667  0.97333333  0.98333333  0.97791667  0.96833333]
 [ 0.97375000  0.97375000  0.97375000  0.97375000  0.97375000  0.97375000  0.97375000  0.97375000  0.97375000  0.97375000]]
OS-LSTM
[[        nan         nan         nan         nan         nan         nan         nan         nan         nan         nan]
 [        nan         nan         nan         nan         nan         nan         nan         nan         nan         nan]
 [        nan         nan         nan         nan         nan         nan         nan         nan         nan         nan]
 [ 0.94750000  0.96458333  0.92708333  0.96708333  0.96500000  0.95291667  0.95208333  0.95916667  0.96875000  0.93250000]
 [        nan         nan         nan         nan         nan         nan         nan         nan         nan         nan]
 [        nan         nan         nan         nan         nan         nan         nan         nan         nan         nan]
 [        nan         nan         nan         nan         nan         nan         nan         nan         nan         nan]
 [        nan         nan         nan         nan         nan         nan         nan         nan         nan         nan]
 [ 0.98458333  0.96333333  0.96208333  0.95000000  0.98291667  0.97875000  0.98166667  0.97750000  0.96791667  0.97916667]
 [        nan         nan         nan         nan         nan         nan         nan         nan         nan         nan]]
OSCNN_SE
[[        nan         nan         nan         nan         nan         nan         nan         nan         nan         nan]
 [ 0.89291667  0.87958333  0.92708333  0.92708333  0.92833333  0.88041667  0.90375000  0.89000000  0.90250000  0.90708333]
 [ 0.91708333  0.93416667  0.94541667  0.92625000  0.92083333  0.93666667  0.89958333  0.92250000  0.93833333  0.91041667]
 [ 0.91500000  0.93750000  0.93166667  0.92958333  0.91375000  0.93500000  0.92958333  0.94041667  0.93875000  0.91166667]
 [ 0.94250000  0.93125000  0.94500000  0.94166667  0.93583333  0.95000000  0.95083333  0.92833333  0.89458333  0.92666667]
 [ 0.94666667  0.93583333  0.96000000  0.94166667  0.95916667  0.94916667  0.94833333  0.95750000  0.91791667  0.92833333]
 [ 0.95333333  0.94166667  0.96041667  0.94875000  0.95000000  0.95458333  0.95500000  0.95583333  0.91500000  0.93125000]
 [ 0.95375000  0.93500000  0.96375000  0.94333333  0.94166667  0.93208333  0.95458333  0.95583333  0.95333333  0.95583333]
 [ 0.95041667  0.95916667  0.92791667  0.95500000  0.94416667  0.96625000  0.95166667  0.96166667  0.94666667  0.96000000]
 [ 0.95375000  0.95375000  0.95375000  0.95375000  0.95375000  0.95375000  0.95375000  0.95375000  0.95375000  0.95375000]]
OSCNN
[[        nan         nan         nan         nan         nan         nan         nan         nan         nan         nan]
 [ 0.90750000  0.89250000  0.92250000  0.93875000  0.94625000  0.91250000  0.89125000  0.88750000  0.91500000  0.93000000]
 [ 0.95250000  0.95125000  0.94250000  0.93625000  0.92000000  0.94125000  0.92375000  0.95125000  0.95250000  0.90125000]
 [ 0.91750000  0.94250000  0.93125000  0.92875000  0.95375000  0.94250000  0.93375000  0.93625000  0.94125000  0.95250000]
 [ 0.95250000  0.93875000  0.94000000  0.97500000  0.93375000  0.95625000  0.94875000  0.95500000  0.91250000  0.93125000]
 [ 0.94875000  0.95875000  0.97500000  0.94625000  0.96125000  0.95375000  0.92875000  0.95750000  0.93250000  0.95750000]
 [ 0.95125000  0.95000000  0.96250000  0.95250000  0.96625000  0.96625000  0.94750000  0.95750000  0.93250000  0.94500000]
 [ 0.96375000  0.94375000  0.95250000  0.96000000  0.95000000  0.95625000  0.95500000  0.94875000  0.95625000  0.97375000]
 [ 0.96500000  0.95000000  0.96000000  0.94875000  0.96750000  0.96375000  0.96625000  0.97000000  0.95750000  0.95750000]
 [ 0.97000000  0.97000000  0.97000000  0.97000000  0.97000000  0.97000000  0.97000000  0.97000000  0.97000000  0.97000000]]
SyntheticControl
OSSE-LSTM
[[ 0.98944444  0.99222222  0.98305555  0.98500000  0.98777777  0.99222222  0.99166666  0.99722222  0.99472222  0.98500000]
 [ 0.99569444  0.99527778  0.99611111  0.99680555  0.99777778  0.99625000  1.00000000  0.99611111  0.99958333  0.99319444]
 [ 0.98972222  0.99875000  0.99527778  0.99972222  0.99986111  0.98847222  0.99333333  0.99625000  0.99513889  0.99763889]
 [ 0.99666667  0.99680555  0.99416666  0.99319444  0.99986111  0.99430555  1.00000000  0.99916667  0.99972222  0.99736111]
 [ 0.99513889  0.99680555  0.99597222  0.99472222  0.99986111  1.00000000  0.99763889  0.99597222  1.00000000  1.00000000]
 [ 1.00000000  0.99694444  0.99152778  1.00000000  0.99611111  1.00000000  0.99958333  0.99333333  0.99805555  1.00000000]
 [ 1.00000000  0.99375000  0.99236111  0.99972222  1.00000000  1.00000000  1.00000000  0.99638889  0.99513889  0.99097222]
 [ 0.99763889  0.99680555  0.99458333  0.99986111  0.99958333  0.99972222  0.99972222  1.00000000  1.00000000  1.00000000]
 [ 1.00000000  0.99986111  1.00000000  0.99972222  1.00000000  0.99666667  1.00000000  0.99805555  1.00000000  0.99694444]
 [ 0.99986111  0.99986111  0.99986111  0.99986111  0.99986111  0.99986111  0.99986111  0.99986111  0.99986111  0.99986111]]
OS-LSTM
[[        nan         nan         nan         nan         nan         nan         nan         nan         nan         nan]
 [        nan         nan         nan         nan         nan         nan         nan         nan         nan         nan]
 [        nan         nan         nan         nan         nan         nan         nan         nan         nan         nan]
 [ 0.99736111  0.99708333  0.99527778  1.00000000  1.00000000  0.99638889  0.99666667  0.99430555  0.99347222  1.00000000]
 [        nan         nan         nan         nan         nan         nan         nan         nan         nan         nan]
 [        nan         nan         nan         nan         nan         nan         nan         nan         nan         nan]
 [        nan         nan         nan         nan         nan         nan         nan         nan         nan         nan]
 [        nan         nan         nan         nan         nan         nan         nan         nan         nan         nan]
 [ 1.00000000  0.99541665  0.99722222  0.99555555  1.00000000  0.99638889  0.99638889  0.99527778  0.99722222  1.00000000]
 [        nan         nan         nan         nan         nan         nan         nan         nan         nan         nan]]
OSCNN_SE
[[ 0.98388888  0.98236111  0.95472221  0.97499999  0.98208333  0.98486111  0.98722222  0.98986111  0.99069444  0.97624999]
 [ 0.98902777  0.99097222  0.99069444  0.99041666  0.98583333  0.98375000  0.99333333  0.99333333  0.99597222  0.99097222]
 [ 0.99027777  0.99416666  0.99263889  0.99583333  0.99291666  0.99000000  0.99458333  0.99319444  0.99388889  0.99222222]
 [ 0.99722222  0.99458333  0.99333333  0.99305555  0.99861111  0.99291666  0.99458333  0.99347222  0.99486111  0.99305555]
 [ 0.99527778  0.99486111  0.99263889  0.99319444  0.99611111  0.99250000  0.99402778  0.99180555  0.99708333  0.99472222]
 [ 0.99611111  0.99416666  0.98847222  0.99527778  0.99305555  0.99333333  0.98847222  0.99569444  0.99138889  0.99625000]
 [ 0.99125000  0.99347222  0.99305555  0.99472222  0.99625000  0.99541667  0.99388889  0.99138889  0.99375000  0.99333333]
 [ 0.99583333  0.99541667  0.99569444  0.99569444  0.99333333  0.99569444  0.99708333  0.99638889  0.99138889  0.99250000]
 [ 0.99416666  0.98902777  0.99708333  0.99458333  0.99333333  0.99444444  0.99583333  0.99597222  0.99236111  0.99694444]
 [ 0.99555555  0.99555555  0.99555555  0.99555555  0.99555555  0.99555555  0.99555555  0.99555555  0.99555555  0.99555555]]
OSCNN
[[ 0.96874999  0.97666666  0.94208332  0.93583332  0.95208332  0.96291666  0.95791665  0.97916666  0.99041666  0.97291666]
 [ 0.98666666  0.97749999  0.97958333  0.97874999  0.98666666  0.98541666  0.98458333  0.98333333  0.99250000  0.99416666]
 [ 0.98375000  0.98750000  0.99000000  0.99166666  0.99208333  0.98083333  0.98916666  0.98625000  0.99500000  0.98958333]
 [ 0.99208333  0.99500000  0.97999999  0.98541666  0.98791666  0.98958333  0.99250000  0.99250000  0.98458333  0.99291666]
 [ 0.99375000  0.98916666  0.98833333  0.99166666  0.99375000  0.99250000  0.99458333  0.99041666  0.99500000  0.98833333]
 [ 0.99666667  0.99500000  0.99375000  0.99416666  0.99250000  0.99541667  0.99583333  0.99000000  0.99416666  0.99666667]
 [ 0.99541667  0.99291666  0.99416666  0.99500000  0.99708333  0.99500000  0.99416666  0.99750000  0.99083333  0.99625000]
 [ 0.99708333  0.98916666  0.99375000  0.99791667  0.99541667  0.98875000  0.99750000  0.99791667  0.99375000  0.99666667]
 [ 0.99291666  0.99541667  0.99625000  0.99416666  0.99375000  0.99750000  0.99541667  0.99291666  0.99250000  0.99375000]
 [ 0.99500000  0.99500000  0.99500000  0.99500000  0.99500000  0.99500000  0.99500000  0.99500000  0.99500000  0.99500000]]
ToeSegmentation1
OSSE-LSTM
[[        nan         nan         nan         nan         nan         nan         nan         nan         nan         nan]
 [ 0.79250000  0.90208333  0.84625000  0.67375000  0.92791667  0.87375000  0.86875000  0.77208333  0.89625000  0.85541667]
 [ 0.90958333  0.87625000  0.89250000  0.84541667  0.93458333  0.86291667  0.94541667  0.92416667  0.92375000  0.89708333]
 [ 0.92333333  0.83916667  0.94041667  0.91791667  0.93291667  0.89291667  0.93250000  0.96333333  0.92000000  0.88958333]
 [ 0.96583333  0.90958333  0.90125000  0.92583333  0.93500000  0.93250000  0.93458333  0.93000000  0.94500000  0.91208333]
 [ 0.94416667  0.91458333  0.96291667  0.95291667  0.91000000  0.94833333  0.95541667  0.96541667  0.93416667  0.96166667]
 [ 0.96000000  0.94875000  0.93083333  0.97541667  0.96375000  0.94083333  0.92416667  0.93666667  0.95541667  0.96458333]
 [ 0.94583333  0.94750000  0.94375000  0.94791667  0.96583333  0.96375000  0.95875000  0.92958333  0.95541667  0.96708333]
 [ 0.95708333  0.96666667  0.95791667  0.95166667  0.95416667  0.95666667  0.95375000  0.97333333  0.94416667  0.95708333]
 [ 0.96208333  0.96208333  0.96208333  0.96208333  0.96208333  0.96208333  0.96208333  0.96208333  0.96208333  0.96208333]]
OS-LSTM
[[        nan         nan         nan         nan         nan         nan         nan         nan         nan         nan]
 [        nan         nan         nan         nan         nan         nan         nan         nan         nan         nan]
 [        nan         nan         nan         nan         nan         nan         nan         nan         nan         nan]
 [ 0.87416667  0.91458333  0.94750000  0.93875000  0.96125000  0.93708333  0.93083333  0.96500000  0.94500000  0.90916667]
 [        nan         nan         nan         nan         nan         nan         nan         nan         nan         nan]
 [        nan         nan         nan         nan         nan         nan         nan         nan         nan         nan]
 [        nan         nan         nan         nan         nan         nan         nan         nan         nan         nan]
 [        nan         nan         nan         nan         nan         nan         nan         nan         nan         nan]
 [ 0.96583333  0.97708333  0.96833333  0.97666667  0.97000000  0.95916667  0.96291667  0.96708333  0.96208333  0.97916667]
 [        nan         nan         nan         nan         nan         nan         nan         nan         nan         nan]]
OSCNN_SE
[[        nan         nan         nan         nan         nan         nan         nan         nan         nan         nan]
 [ 0.80875000  0.93208333  0.86791667  0.70875000  0.90041667  0.86166667  0.88291667  0.81125000  0.91416667  0.83666667]
 [ 0.86208333  0.91708333  0.90291667  0.87250000  0.92875000  0.85125000  0.93166667  0.89625000  0.90041667  0.86333333]
 [ 0.92166667  0.86708333  0.94625000  0.91083333  0.93375000  0.85166667  0.93458333  0.95916667  0.91750000  0.91666667]
 [ 0.95166667  0.91541667  0.93291667  0.91875000  0.89750000  0.89750000  0.93291667  0.93791667  0.91750000  0.88458333]
 [ 0.94958333  0.93458333  0.96583333  0.92125000  0.91541667  0.93375000  0.95291667  0.95791667  0.91791667  0.94500000]
 [ 0.93041667  0.95041667  0.92791667  0.95000000  0.96000000  0.92666667  0.92458333  0.91958333  0.93166667  0.94625000]
 [ 0.95458333  0.94791667  0.95250000  0.93958333  0.93666667  0.93625000  0.94416667  0.94333333  0.94750000  0.95000000]
 [ 0.92375000  0.94625000  0.93166667  0.95041667  0.94583333  0.95000000  0.93500000  0.96416667  0.94083333  0.95333333]
 [ 0.97291667  0.97291667  0.97291667  0.97291667  0.97291667  0.97291667  0.97291667  0.97291667  0.97291667  0.97291667]]
OSCNN
[[        nan         nan         nan         nan         nan         nan         nan         nan         nan         nan]
 [ 0.78250000  0.88083333  0.85750000  0.68708333  0.88416667  0.81708333  0.85000000  0.79500000  0.87541667  0.87375000]
 [ 0.86750000  0.91916667  0.91875000  0.87291667  0.94041667  0.90291667  0.92875000  0.92000000  0.91333333  0.92625000]
 [ 0.91875000  0.88708333  0.94541667  0.91375000  0.85750000  0.92708333  0.93958333  0.94291667  0.92833333  0.86041667]
 [ 0.94500000  0.92083333  0.93208333  0.92791667  0.93458333  0.90125000  0.92666667  0.94625000  0.92333333  0.88583333]
 [ 0.93833333  0.92666667  0.96625000  0.93333333  0.91208333  0.93375000  0.96916667  0.97500000  0.92416667  0.96333333]
 [ 0.94291667  0.94666667  0.92416667  0.97375000  0.93583333  0.95333333  0.92333333  0.92708333  0.93666667  0.95791667]
 [ 0.95458333  0.95208333  0.92916667  0.94583333  0.94333333  0.96916667  0.97500000  0.94083333  0.94958333  0.96250000]
 [ 0.95541667  0.97166667  0.96000000  0.95500000  0.95875000  0.94958333  0.94416667  0.94333333  0.95000000  0.95291667]
 [ 0.96291667  0.96291667  0.96291667  0.96291667  0.96291667  0.96291667  0.96291667  0.96291667  0.96291667  0.96291667]]
TwoLeadECG
OSSE-LSTM
[[        nan         nan         nan         nan         nan         nan         nan         nan         nan         nan]
 [        nan         nan         nan         nan         nan         nan         nan         nan         nan         nan]
 [ 0.99166667  0.95708333  0.73583333  0.99833333  0.98791667  0.99750000  0.95375000  0.95625000  0.99458333  0.99583333]
 [ 0.99416667  1.00000000  0.99958333  0.99916667  0.99916667  1.00000000  1.00000000  0.94291667  0.99833333  0.99958333]
 [ 0.99458333  0.99833333  0.99958333  0.99833333  0.99958333  0.99958333  0.99916667  0.97333333  0.99750000  0.99791667]
 [ 1.00000000  0.99916667  1.00000000  1.00000000  0.99875000  0.99916667  0.99833333  0.99916667  1.00000000  0.99750000]
 [ 1.00000000  0.99916667  1.00000000  0.99875000  0.99791667  0.99875000  0.99958333  1.00000000  0.99916667  0.99791667]
 [ 1.00000000  0.99916667  0.99958333  0.99916667  1.00000000  0.99916667  0.99958333  0.99916667  0.99833333  1.00000000]
 [ 1.00000000  0.99958333  1.00000000  1.00000000  1.00000000  0.99833333  0.99791667  0.99833333  0.99875000  1.00000000]
 [ 0.99958333  0.99958333  0.99958333  0.99958333  0.99958333  0.99958333  0.99958333  0.99958333  0.99958333  0.99958333]]
OS-LSTM
[[        nan         nan         nan         nan         nan         nan         nan         nan         nan         nan]
 [        nan         nan         nan         nan         nan         nan         nan         nan         nan         nan]
 [        nan         nan         nan         nan         nan         nan         nan         nan         nan         nan]
 [ 0.95750000  0.99916667  0.99875000  0.99875000  0.99833333  0.99875000  1.00000000  0.94750000  0.99791667  0.99833333]
 [        nan         nan         nan         nan         nan         nan         nan         nan         nan         nan]
 [        nan         nan         nan         nan         nan         nan         nan         nan         nan         nan]
 [        nan         nan         nan         nan         nan         nan         nan         nan         nan         nan]
 [        nan         nan         nan         nan         nan         nan         nan         nan         nan         nan]
 [ 0.99958333  1.00000000  1.00000000  0.99791667  0.99916667  1.00000000  1.00000000  0.99875000  0.99958333  1.00000000]
 [        nan         nan         nan         nan         nan         nan         nan         nan         nan         nan]]
OSCNN_SE
[[        nan         nan         nan         nan         nan         nan         nan         nan         nan         nan]
 [        nan         nan         nan         nan         nan         nan         nan         nan         nan         nan]
 [ 0.91166667  0.91958333  0.74375000  0.99791667  0.82083333  0.95416667  0.96333333  0.93541667  0.92625000  0.96125000]
 [ 0.94708333  0.95708333  0.99625000  0.99458333  0.98833333  0.95958333  0.99083333  0.90041667  0.92541667  0.98958333]
 [ 0.99458333  0.99750000  0.99916667  0.99208333  0.99208333  0.96041667  0.99833333  0.89875000  0.97458333  0.99375000]
 [ 0.97875000  0.98875000  0.99791667  0.99625000  0.99791667  0.98541667  1.00000000  0.98791667  0.99791667  0.99250000]
 [ 0.99916667  0.99875000  0.99583333  0.99875000  0.99500000  0.99625000  0.99791667  0.99875000  0.99750000  0.99250000]
 [ 0.99958333  0.99750000  0.99875000  0.99875000  0.99708333  0.99250000  0.99458333  0.99833333  0.99791667  0.99250000]
 [ 0.99791667  0.99666667  1.00000000  0.99791667  0.99708333  0.99500000  0.99625000  0.99833333  0.99791667  0.99416667]
 [ 0.99916667  0.99916667  0.99916667  0.99916667  0.99916667  0.99916667  0.99916667  0.99916667  0.99916667  0.99916667]]
OSCNN
[[        nan         nan         nan         nan         nan         nan         nan         nan         nan         nan]
 [        nan         nan         nan         nan         nan         nan         nan         nan         nan         nan]
 [ 0.99375000  0.97000000  0.81125000  0.99875000  0.84375000  0.96000000  0.99625000  0.98500000  0.96000000  0.99000000]
 [ 0.99625000  0.99125000  1.00000000  0.99625000  0.99500000  0.97750000  0.99625000  0.83375000  0.95375000  0.99875000]
 [ 0.99750000  0.99750000  0.99750000  0.99875000  0.99500000  0.98500000  0.99875000  0.90375000  0.98625000  0.99875000]
 [ 0.99625000  0.99875000  0.99750000  0.99875000  0.99875000  0.99750000  1.00000000  0.99625000  0.99500000  0.99500000]
 [ 0.99875000  0.99750000  0.99125000  0.99625000  0.99250000  0.99625000  0.99875000  0.99250000  0.99000000  0.99875000]
 [ 0.99875000  0.99875000  0.99625000  0.99750000  1.00000000  0.99750000  0.99875000  1.00000000  0.99875000  0.99875000]
 [ 0.99875000  0.99875000  0.99500000  0.99750000  0.99375000  0.99750000  1.00000000  0.99125000  0.99500000  0.99875000]
 [ 0.99750000  0.99750000  0.99750000  0.99750000  0.99750000  0.99750000  0.99750000  0.99750000  0.99750000  0.99750000]]
UMD
OSSE-LSTM
[[        nan         nan         nan         nan         nan         nan         nan         nan         nan         nan]
 [ 0.68249997  0.76583331  0.73722219  0.69888886  0.72111108  0.71777775  0.77138886  0.81611108  0.72944442  0.62611109]
 [ 0.99388889  0.98194444  0.97972222  0.91833331  0.97083333  0.99277778  0.86722220  0.98166666  0.99000000  0.92972221]
 [ 0.99194444  0.90361109  0.99333333  0.99472222  0.99416666  0.95472221  0.99388889  0.89444442  0.99277778  0.99361111]
 [ 0.99416666  0.99083333  0.99027777  0.99305555  0.99111111  0.99333333  0.99388889  0.99138889  0.99305555  0.99194444]
 [ 0.99277778  0.99222222  0.99500000  0.99222222  0.99583333  0.99277778  0.99250000  0.99333333  0.99166666  0.99166666]
 [ 0.99416666  0.99416666  0.99111111  0.99277778  0.99388889  0.99166666  0.99333333  0.99305555  0.99388889  0.99222222]
 [ 0.99305555  0.99166666  0.99277778  0.99027777  0.99194444  0.99527778  0.99416666  0.99611111  0.99250000  0.99194444]
 [ 0.99361111  0.99194444  0.99388889  0.99472222  0.99027777  0.99277778  0.99333333  0.99388889  0.99277778  0.99388889]
 [ 0.99472222  0.99472222  0.99472222  0.99472222  0.99472222  0.99472222  0.99472222  0.99472222  0.99472222  0.99472222]]
OS-LSTM
[[        nan         nan         nan         nan         nan         nan         nan         nan         nan         nan]
 [        nan         nan         nan         nan         nan         nan         nan         nan         nan         nan]
 [        nan         nan         nan         nan         nan         nan         nan         nan         nan         nan]
 [ 0.99194444  0.93027776  0.99138888  0.99361110  0.99361110  0.99166666  0.99277776  0.98916666  0.99305555  0.99138888]
 [        nan         nan         nan         nan         nan         nan         nan         nan         nan         nan]
 [        nan         nan         nan         nan         nan         nan         nan         nan         nan         nan]
 [        nan         nan         nan         nan         nan         nan         nan         nan         nan         nan]
 [        nan         nan         nan         nan         nan         nan         nan         nan         nan         nan]
 [ 0.99361110  0.99194444  0.99277776  0.99249999  0.99305555  0.99444444  0.99277776  0.99305555  0.99222221  0.99416666]
 [        nan         nan         nan         nan         nan         nan         nan         nan         nan         nan]]
OSCNN_SE
[[        nan         nan         nan         nan         nan         nan         nan         nan         nan         nan]
 [ 0.69916664  0.72694442  0.59861109  0.61499998  0.84805553  0.59416665  0.66472220  0.71638886  0.57666665  0.67083331]
 [ 0.98111111  0.92333332  0.84305553  0.88083331  0.87305553  0.96722221  0.86333331  0.93361110  0.88555553  0.87416664]
 [ 0.97722222  0.86194442  0.92833332  0.95611110  0.99611111  0.95416666  0.98027777  0.89472220  0.97388888  0.98944444]
 [ 0.99083333  0.98805555  0.98305555  0.96944444  0.99000000  0.99083333  0.99444444  0.99138889  0.98666666  0.98638889]
 [ 0.99361111  0.99111111  0.99194444  0.99333333  0.98916666  0.99138889  0.99083333  0.99305555  0.99166666  0.99277778]
 [ 0.99000000  0.99305555  0.99194444  0.99555555  0.99388889  0.99166666  0.99361111  0.99305555  0.99444444  0.99305555]
 [ 0.99388889  0.99111111  0.99361111  0.99166666  0.99138889  0.98916666  0.99194444  0.99111111  0.99333333  0.99583333]
 [ 0.99250000  0.99388889  0.99055555  0.99694444  0.99194444  0.99083333  0.99277778  0.99166666  0.99361111  0.99694444]
 [ 0.99500000  0.99500000  0.99500000  0.99500000  0.99500000  0.99500000  0.99500000  0.99500000  0.99500000  0.99500000]]
OSCNN
[[        nan         nan         nan         nan         nan         nan         nan         nan         nan         nan]
 [ 0.76222219  0.69694442  0.60055554  0.72527775  0.85138886  0.64027776  0.58611109  0.75194442  0.59694443  0.72888886]
 [ 0.90166664  0.82916664  0.80694442  0.92944443  0.95777777  0.94611110  0.95194443  0.89916665  0.83027775  0.91166665]
 [ 0.98583333  0.97361110  0.94805554  0.96111110  0.99166666  0.89944442  0.98916666  0.97527777  0.97916666  0.98750000]
 [ 0.99111111  0.99250000  0.99083333  0.98361111  0.98833333  0.99083333  0.98750000  0.99138889  0.98861111  0.99138889]
 [ 0.99111111  0.98666666  0.99027777  0.99138889  0.98888889  0.98833333  0.99027777  0.99166666  0.99416666  0.98833333]
 [ 0.99166666  0.98527777  0.99194444  0.99250000  0.99138889  0.99111111  0.99166666  0.98944444  0.99333333  0.99388889]
 [ 0.99416666  0.99361111  0.99083333  0.99305555  0.99111111  0.99194444  0.99166666  0.99138889  0.99222222  0.99250000]
 [ 0.99388889  0.99305555  0.99194444  0.99416666  0.99444444  0.99222222  0.99222222  0.99472222  0.99416666  0.99055555]
 [ 0.99250000  0.99250000  0.99250000  0.99250000  0.99250000  0.99250000  0.99250000  0.99250000  0.99250000  0.99250000]]
Wine
OSSE-LSTM
[[ 0.67333333  0.60208333  0.55666667  0.60875000  0.52833333  0.56083333  0.52583333  0.60833333  0.64583333  0.77291667]
 [ 0.76916667  0.67625000  0.59041667  0.79958333  0.84958333  0.80125000  0.91708333  0.72541667  0.56208333  0.71875000]
 [ 0.94583333  0.94166667  0.83291667  0.75375000  0.77666667  0.69208333  0.62958333  0.82250000  0.81083333  0.80875000]
 [ 0.83125000  0.68125000  0.67208333  0.75375000  0.99000000  0.83916667  0.83541667  0.75458333  0.78833333  0.61500000]
 [ 0.87000000  0.76000000  0.85333333  0.83291667  0.81833333  0.72000000  0.76750000  0.81791667  0.90000000  0.72541667]
 [ 0.82000000  0.81416667  0.85583333  0.80333333  0.87875000  0.86541667  0.78791667  0.82750000  0.78125000  0.81916667]
 [ 0.82583333  0.82625000  0.94750000  0.83916667  0.80708333  0.81250000  0.77625000  0.84750000  0.86166667  0.80166667]
 [ 0.86083333  0.80083333  0.83583333  0.79166667  0.84583333  0.72708333  0.84625000  0.84916667  0.71458333  0.81958333]
 [ 0.88375000  0.85750000  0.80458333  0.82000000  0.80166667  0.79791667  0.79541667  0.84750000  0.82375000  0.86250000]
 [ 0.79833333  0.79833333  0.79833333  0.79833333  0.79833333  0.79833333  0.79833333  0.79833333  0.79833333  0.79833333]]
OS-LSTM
[[        nan         nan         nan         nan         nan         nan         nan         nan         nan         nan]
 [        nan         nan         nan         nan         nan         nan         nan         nan         nan         nan]
 [        nan         nan         nan         nan         nan         nan         nan         nan         nan         nan]
 [ 0.84125000  0.55583333  0.56291667  0.65208333  0.88875000  0.84208333  0.71416667  0.66333333  0.57666666  0.63916666]
 [        nan         nan         nan         nan         nan         nan         nan         nan         nan         nan]
 [        nan         nan         nan         nan         nan         nan         nan         nan         nan         nan]
 [        nan         nan         nan         nan         nan         nan         nan         nan         nan         nan]
 [        nan         nan         nan         nan         nan         nan         nan         nan         nan         nan]
 [ 0.82875000  0.83291666  0.81416666  0.63166666  0.79250000  0.76958333  0.71416666  0.72083333  0.75041666  0.62958333]
 [        nan         nan         nan         nan         nan         nan         nan         nan         nan         nan]]
OSCNN_SE
[[ 0.61791667  0.50083333  0.50166667  0.49708333  0.51666667  0.55500000  0.54000000  0.52708333  0.50916667  0.72125000]
 [ 0.77166667  0.65208333  0.61458333  0.82208333  0.88875000  0.82000000  0.75375000  0.79166667  0.52916667  0.54875000]
 [ 0.88000000  0.99208333  0.89208333  0.73500000  0.72875000  0.67833333  0.63166667  0.70708333  0.74875000  0.81958333]
 [ 0.84250000  0.76041667  0.73625000  0.85375000  0.91958333  0.85291667  0.82958333  0.70041667  0.79291667  0.68333333]
 [ 0.85041667  0.80333333  0.74583333  0.87333333  0.79333333  0.77000000  0.85166667  0.83041667  0.87125000  0.83208333]
 [ 0.85458333  0.79458333  0.83708333  0.80041667  0.86291667  0.86000000  0.77458333  0.84750000  0.71750000  0.83416667]
 [ 0.84166667  0.86375000  0.89750000  0.86083333  0.84125000  0.73541667  0.75458333  0.81500000  0.86000000  0.90375000]
 [ 0.83708333  0.83416667  0.83666667  0.77416667  0.91041667  0.75625000  0.76916667  0.82708333  0.67958333  0.76083333]
 [ 0.78375000  0.88375000  0.84791667  0.88916667  0.84416667  0.87000000  0.75375000  0.81000000  0.78166667  0.87541667]
 [ 0.87708333  0.87708333  0.87708333  0.87708333  0.87708333  0.87708333  0.87708333  0.87708333  0.87708333  0.87708333]]
OSCNN
[[ 0.61041667  0.54541667  0.50375000  0.51166667  0.49166667  0.51791667  0.76833333  0.51666667  0.57666667  0.68916667]
 [ 0.67291667  0.65333333  0.59166667  0.81125000  0.74916667  0.75791667  0.69583333  0.76916667  0.60750000  0.61333333]
 [ 0.82125000  0.86083333  0.90750000  0.72500000  0.80375000  0.76958333  0.61125000  0.76375000  0.72625000  0.82333333]
 [ 0.87625000  0.78791667  0.71625000  0.83875000  0.79708333  0.81458333  0.77458333  0.71958333  0.82125000  0.72333333]
 [ 0.88375000  0.87875000  0.74791667  0.84166667  0.67958333  0.63250000  0.87750000  0.80333333  0.87666667  0.72625000]
 [ 0.86250000  0.84041667  0.89750000  0.77166667  0.89500000  0.80000000  0.83833333  0.83000000  0.75458333  0.82208333]
 [ 0.81458333  0.89416667  0.90791667  0.82416667  0.80958333  0.70916667  0.77708333  0.83791667  0.79875000  0.79625000]
 [ 0.83291667  0.80125000  0.78333333  0.81875000  0.83208333  0.81541667  0.82708333  0.83000000  0.82833333  0.85875000]
 [ 0.80875000  0.75375000  0.85416667  0.81500000  0.85083333  0.79208333  0.84083333  0.84875000  0.80833333  0.83208333]
 [ 0.81000000  0.81000000  0.81000000  0.81000000  0.81000000  0.81000000  0.81000000  0.81000000  0.81000000  0.81000000]]