ArticularyWordRecognition
Resnet
[[        nan         nan         nan         nan         nan         nan         nan         nan         nan         nan]
 [ 0.64803333  0.60906667  0.56030000  0.56916667  0.56240000  0.67546667  0.62676667  0.63913333  0.52400000  0.66240000]
 [ 0.84720000  0.82276667  0.85343333  0.84426667  0.83270000  0.82513333  0.84143333  0.88033333  0.85423333  0.89013333]
 [ 0.86620000  0.92126667  0.88783333  0.91746667  0.88716667  0.88633333  0.92190000  0.90676667  0.87846667  0.89146667]
 [ 0.90303333  0.90146667  0.91240000  0.90570000  0.92186667  0.91916667  0.92930000  0.92380000  0.92510000  0.93160000]
 [ 0.90210000  0.94833333  0.95530000  0.94023333  0.93400000  0.92986667  0.91896667  0.93116667  0.94400000  0.95703333]
 [ 0.94870000  0.93156667  0.94733333  0.93140000  0.93673333  0.92953333  0.94346667  0.94493333  0.94723333  0.95153333]
 [ 0.96936667  0.92826667  0.96733333  0.95193333  0.95686667  0.95440000  0.95470000  0.96526667  0.95283333  0.93553333]
 [ 0.94536667  0.96380000  0.95490000  0.94530000  0.96073333  0.94786667  0.96130000  0.94243333  0.96870000  0.97236667]
 [ 0.94986667  0.94986667  0.94986667  0.94986667  0.94986667  0.94986667  0.94986667  0.94986667  0.94986667  0.94986667]]
MALSTM-FCN
[[        nan         nan         nan         nan         nan         nan         nan         nan         nan         nan]
 [ 0.67720000  0.73180000  0.60100000  0.69240000  0.63110000  0.63320000  0.72633333  0.69900000  0.73713333  0.71396667]
 [ 0.86730000  0.90010000  0.90453333  0.88096667  0.89363333  0.90446667  0.87536667  0.89106667  0.86576667  0.87326667]
 [ 0.91793333  0.88960000  0.89743333  0.90096667  0.92690000  0.91506667  0.90510000  0.92806667  0.89803333  0.92433333]
 [ 0.92163333  0.93450000  0.94430000  0.94016667  0.92703333  0.91786667  0.93083333  0.92640000  0.94416667  0.91533333]
 [ 0.94683333  0.93916667  0.94223333  0.93036667  0.94256667  0.95276667  0.94016667  0.94100000  0.94063333  0.92520000]
 [ 0.95153333  0.95686667  0.94500000  0.95950000  0.95763333  0.94933333  0.95713333  0.94703333  0.94693333  0.94460000]
 [ 0.95143333  0.96403333  0.95926667  0.95300000  0.95343333  0.96263333  0.95320000  0.95933333  0.95610000  0.96453333]
 [ 0.96123333  0.95630000  0.96180000  0.96270000  0.96766667  0.96413333  0.96636667  0.96310000  0.95803333  0.95783333]
 [ 0.96193333  0.96193333  0.96193333  0.96193333  0.96193333  0.96193333  0.96193333  0.96193333  0.96193333  0.96193333]]
InceptionTime
[[        nan         nan         nan         nan         nan         nan         nan         nan         nan         nan]
 [ 0.75930000  0.65353333  0.73070000  0.75240000  0.67600000  0.66866667  0.62553333  0.66070000  0.62750000  0.62630000]
 [ 0.90543333  0.88116667  0.90513333  0.85786667  0.88573333  0.86833333  0.88300000  0.89390000  0.86253333  0.88813333]
 [ 0.92470000  0.91320000  0.91000000  0.90706667  0.93610000  0.91770000  0.94733333  0.90326667  0.92060000  0.88806667]
 [ 0.95546667  0.93046667  0.93830000  0.95603333  0.94310000  0.91800000  0.93943333  0.93796667  0.93133333  0.94163333]
 [ 0.94793333  0.94880000  0.95036667  0.95560000  0.94163333  0.94953333  0.96713333  0.96616667  0.96210000  0.95050000]
 [ 0.96430000  0.96693333  0.96406667  0.94103333  0.96313333  0.94736667  0.97116667  0.96723333  0.97386667  0.96746667]
 [ 0.96626667  0.98046667  0.96966667  0.96190000  0.96556667  0.97556667  0.97243333  0.97753333  0.96576667  0.97420000]
 [ 0.96530000  0.97196667  0.97606667  0.97806667  0.98436667  0.97180000  0.98250000  0.97550000  0.97500000  0.97193333]
 [ 0.97956667  0.97956667  0.97956667  0.97956667  0.97956667  0.97956667  0.97956667  0.97956667  0.97956667  0.97956667]]
OSSE-LSTM
[[        nan         nan         nan         nan         nan         nan         nan         nan         nan         nan]
 [ 0.68933333  0.66830000  0.68123333  0.70236667  0.71186667  0.74910000  0.73986667  0.68680000  0.69186667  0.75263333]
 [ 0.97330000  0.91310000  0.93716667  0.96300000  0.94663333  0.94960000  0.92766667  0.97673333  0.96060000  0.95733333]
 [ 0.97300000  0.97546667  0.95513333  0.97033333  0.97610000  0.96856667  0.97553333  0.96460000  0.96423333  0.96390000]
 [ 0.98373333  0.97300000  0.96916667  0.98730000  0.98086667  0.97436667  0.98316667  0.97373333  0.97503333  0.97910000]
 [ 0.98163333  0.98483333  0.98933333  0.98516667  0.98690000  0.97810000  0.98550000  0.98556667  0.97220000  0.98096667]
 [ 0.98100000  0.98500000  0.98636667  0.98670000  0.98946667  0.97416667  0.99266667  0.98586667  0.98053333  0.98330000]
 [ 0.98766667  0.98986667  0.98863333  0.98540000  0.99296667  0.98870000  0.98800000  0.98183333  0.98933333  0.99303333]
 [ 0.98440000  0.98626667  0.98686667  0.99686667  0.98843333  0.99653333  0.98990000  0.99193333  0.99320000  0.98480000]
 [ 0.99276667  0.99276667  0.99276667  0.99276667  0.99276667  0.99276667  0.99276667  0.99276667  0.99276667  0.99276667]]
CharacterTrajectories
Resnet
[[ 0.92962500  0.94612500  0.94595833  0.95537500  0.94050000  0.94904167  0.95179167  0.94904167  0.94958333  0.95133333]
 [ 0.97170833  0.97258333  0.97387500  0.97970833  0.96154167  0.97704167  0.97162500  0.97541667  0.97287500  0.97450000]
 [ 0.98450000  0.98170833  0.97595833  0.98608333  0.98179167  0.98183333  0.98291667  0.98420833  0.98375000  0.98462500]
 [ 0.98875000  0.98141667  0.98333333  0.98633333  0.98337500  0.98737500  0.98408333  0.98708333  0.98829167  0.98495833]
 [ 0.99250000  0.98158333  0.99237500  0.98525000  0.99162500  0.98641667  0.98829167  0.98941667  0.98950000  0.98987500]
 [ 0.99125000  0.98758333  0.98604167  0.99187500  0.99170833  0.98966667  0.99283333  0.99033333  0.99220833  0.99112500]
 [ 0.99041667  0.99025000  0.99441667  0.99200000  0.99179167  0.99133333  0.99170833  0.99187500  0.99354167  0.98954167]
 [ 0.99225000  0.99166667  0.99141667  0.99025000  0.99304167  0.99320833  0.99262500  0.99512500  0.99279167  0.99175000]
 [ 0.99512500  0.99254167  0.99216667  0.99191667  0.99470833  0.99437500  0.99220833  0.99170833  0.99241667  0.99225000]
 [ 0.99525000  0.99525000  0.99525000  0.99525000  0.99525000  0.99525000  0.99525000  0.99525000  0.99525000  0.99525000]]
MALSTM-FCN
[[ 0.93583333  0.92870833  0.95283333  0.94962500  0.95429167  0.94858333  0.94554167  0.94633333  0.94770833  0.94716667]
 [ 0.97233333  0.96883333  0.97491667  0.97266667  0.96529167  0.97708333  0.97558333  0.97479167  0.97058333  0.96812500]
 [ 0.98762500  0.98491667  0.97958333  0.98462500  0.98512500  0.97983333  0.97708333  0.98170833  0.98604167  0.98208333]
 [ 0.98870833  0.98508333  0.98658333  0.98404167  0.98266667  0.98808333  0.98779167  0.98666667  0.98487500  0.98516667]
 [ 0.99137500  0.98791667  0.99162500  0.98670833  0.99250000  0.98925000  0.98658333  0.98983333  0.99054167  0.99104167]
 [ 0.99208333  0.99041667  0.98629167  0.99375000  0.99287500  0.99066667  0.99279167  0.99070833  0.99170833  0.99245833]
 [ 0.99229167  0.99241667  0.99341667  0.99458333  0.99350000  0.99216667  0.99525000  0.99245833  0.99595833  0.99125000]
 [ 0.99404167  0.99175000  0.99320833  0.99350000  0.99300000  0.99300000  0.99566667  0.99533333  0.99395833  0.99450000]
 [ 0.99491667  0.99504167  0.99462500  0.99483333  0.99483333  0.99516667  0.99529167  0.99304167  0.99508333  0.99358333]
 [ 0.99487500  0.99487500  0.99487500  0.99487500  0.99487500  0.99487500  0.99487500  0.99487500  0.99487500  0.99487500]]
InceptionTime
[[ 0.95454167  0.97145833  0.96962500  0.96929167  0.95833333  0.97320833  0.96929167  0.96700000  0.96741667  0.95995833]
 [ 0.98066667  0.98229167  0.98912500  0.98333333  0.97541667  0.97950000  0.97845833  0.98283333  0.97575000  0.97783333]
 [ 0.98879167  0.98412500  0.98470833  0.98925000  0.99012500  0.98925000  0.98504167  0.98891667  0.98720833  0.99100000]
 [ 0.98904167  0.98587500  0.98479167  0.99304167  0.99116667  0.99095833  0.99079167  0.98862500  0.99166667  0.98812500]
 [ 0.99162500  0.98979167  0.99329167  0.98900000  0.99150000  0.98941667  0.99095833  0.99295833  0.99191667  0.99341667]
 [ 0.99483333  0.99191667  0.99129167  0.99358333  0.99320833  0.99254167  0.99250000  0.99158333  0.99091667  0.99325000]
 [ 0.99216667  0.99450000  0.99612500  0.99408333  0.99583333  0.99287500  0.99412500  0.99345833  0.99379167  0.99100000]
 [ 0.99475000  0.99220833  0.99362500  0.99291667  0.99495833  0.99237500  0.99341667  0.99433333  0.99350000  0.99558333]
 [ 0.99433333  0.99345833  0.99387500  0.99354167  0.99416667  0.99425000  0.99487500  0.99337500  0.99387500  0.99333333]
 [ 0.99167000  0.99167000  0.99167000  0.99167000  0.99167000  0.99167000  0.99167000  0.99167000  0.99167000  0.99167000]]
OSSE-LSTM
[[ 0.97262500  0.98470833  0.97470833  0.97550000  0.96716667  0.97712500  0.97762500  0.97037500  0.97250000  0.97316667]
 [ 0.98150000  0.98908333  0.99120833  0.98429167  0.98625000  0.98670833  0.98750000  0.98554167  0.98462500  0.98758333]
 [ 0.99395833  0.99020833  0.98491667  0.99287500  0.98845833  0.98816667  0.98500000  0.99291667  0.98825000  0.99483333]
 [ 0.99120833  0.99075000  0.99083333  0.98904167  0.99058333  0.99383333  0.99533333  0.98995833  0.99354167  0.99137500]
 [ 0.99487500  0.99287500  0.99441667  0.98487500  0.99508333  0.98945833  0.99416667  0.99416667  0.99470833  0.99562500]
 [ 0.99600000  0.99404167  0.99212500  0.99575000  0.99295833  0.99500000  0.99666667  0.99320833  0.99708333  0.99566667]
 [ 0.99345833  0.99587500  0.99500000  0.99633333  0.99758333  0.99316667  0.99633333  0.99520833  0.99533333  0.99441667]
 [ 0.99187500  0.99487500  0.99487500  0.99670833  0.99620833  0.99400000  0.99587500  0.99754167  0.99575000  0.99650000]
 [ 0.99629167  0.99712500  0.99620833  0.99595833  0.99579167  0.99658333  0.99691667  0.99662500  0.99695833  0.99520833]
 [ 0.99695833  0.99695833  0.99695833  0.99695833  0.99695833  0.99695833  0.99695833  0.99695833  0.99695833  0.99695833]]
Epilepsy
Resnet
[[ 0.70541667  0.77500000  0.85125000  0.68479167  0.76500000  0.86104167  0.90937500  0.80437500  0.83479167  0.64937500]
 [ 0.86854167  0.93812500  0.83291667  0.83916667  0.91854167  0.90395833  0.88875000  0.85270833  0.90666667  0.90145833]
 [ 0.93062500  0.94145833  0.94479167  0.93083333  0.93354167  0.96166667  0.91666667  0.93000000  0.87500000  0.94125000]
 [ 0.94145833  0.98000000  0.95854167  0.93833333  0.95041667  0.98270833  0.94916667  0.94166667  0.92562500  0.96812500]
 [ 0.93666667  0.96666667  0.96166667  0.97458333  0.97208333  0.96666667  0.95500000  0.95312500  0.96604167  0.96750000]
 [ 0.95750000  0.98416667  0.96333333  0.97979167  0.96437500  0.97520833  0.96250000  0.96437500  0.96354167  0.98708333]
 [ 0.97062500  0.98333333  0.98270833  0.97729167  0.98437500  0.98541667  0.96520833  0.98541667  0.97937500  0.97604167]
 [ 0.97104167  0.98562500  0.98729167  0.97833333  0.98020833  0.97791667  0.97229167  0.99000000  0.99125000  0.97375000]
 [ 0.98666667  0.99208333  0.98750000  0.97729167  0.96979167  0.97979167  0.98916667  0.98437500  0.99437500  0.99666667]
 [ 0.99208333  0.99208333  0.99208333  0.99208333  0.99208333  0.99208333  0.99208333  0.99208333  0.99208333  0.99208333]]
MALSTM-FCN
[[ 0.68479167  0.77916667  0.75541667  0.66437500  0.71416667  0.84208333  0.83083333  0.88541667  0.78354167  0.63395833]
 [ 0.91312500  0.94729167  0.76375000  0.86208333  0.94687500  0.85666667  0.94416667  0.88854167  0.91333333  0.88875000]
 [ 0.94187500  0.93145833  0.93875000  0.92145833  0.97562500  0.96083333  0.93833333  0.92625000  0.90291667  0.93541667]
 [ 0.95854167  0.96979167  0.93833333  0.93333333  0.93500000  0.95895833  0.94208333  0.94770833  0.93187500  0.94583333]
 [ 0.95250000  0.98604167  0.96062500  0.96354167  0.97458333  0.95208333  0.95979167  0.95041667  0.97270833  0.97562500]
 [ 0.97687500  0.96916667  0.96541667  0.98375000  0.97125000  0.97437500  0.95916667  0.96062500  0.97250000  0.99083333]
 [ 0.98208333  0.97645833  0.96687500  0.99083333  0.97541667  0.97291667  0.97416667  0.97229167  0.97000000  0.97604167]
 [ 0.97937500  0.97479167  0.97854167  0.98729167  0.97125000  0.97937500  0.97958333  0.98666667  0.98229167  0.96833333]
 [ 0.97708333  0.99333333  0.98770833  0.97666667  0.99125000  0.98875000  0.97875000  0.98104167  0.98833333  0.98416667]
 [ 0.98208333  0.98208333  0.98208333  0.98208333  0.98208333  0.98208333  0.98208333  0.98208333  0.98208333  0.98208333]]
InceptionTime
[[ 0.58020833  0.59770833  0.74729167  0.68750000  0.77458333  0.85083333  0.74187500  0.82229167  0.85145833  0.58562500]
 [ 0.92479167  0.94333333  0.81062500  0.91458333  0.90416667  0.92062500  0.91625000  0.88104167  0.91812500  0.92166667]
 [ 0.94812500  0.96583333  0.94479167  0.93812500  0.92916667  0.97145833  0.90291667  0.95375000  0.85437500  0.90708333]
 [ 0.94875000  0.97312500  0.95937500  0.96104167  0.94187500  0.98208333  0.92750000  0.86854167  0.94979167  0.95895833]
 [ 0.95875000  0.98125000  0.94291667  0.97125000  0.97437500  0.96083333  0.90875000  0.94000000  0.98208333  0.98104167]
 [ 0.97583333  0.97958333  0.95979167  0.98166667  0.97020833  0.99145833  0.96708333  0.93500000  0.97062500  0.97895833]
 [ 0.98166667  0.98729167  0.96312500  0.97833333  0.98208333  0.97625000  0.96854167  0.99062500  0.96625000  0.96520833]
 [ 0.97437500  0.99395833  0.98770833  0.97312500  0.96333333  0.97166667  0.98291667  0.98083333  0.98479167  0.96541667]
 [ 0.98666667  0.98645833  0.98666667  0.97937500  0.97708333  0.98020833  0.97791667  0.98875000  0.99229167  0.97458333]
 [ 0.99604167  0.99604167  0.99604167  0.99604167  0.99604167  0.99604167  0.99604167  0.99604167  0.99604167  0.99604167]]
OSSE-LSTM
[[ 0.71958333  0.76666667  0.84145833  0.65145833  0.67895833  0.86041667  0.89937500  0.88250000  0.88208333  0.56520833]
 [ 0.97041667  0.95479167  0.71583333  0.91520833  0.94333333  0.95479167  0.94083333  0.89500000  0.91062500  0.92250000]
 [ 0.95708333  0.94645833  0.93979167  0.96083333  0.96979167  0.96458333  0.94187500  0.93041667  0.92937500  0.96395833]
 [ 0.97687500  0.96520833  0.95229167  0.96354167  0.95770833  0.97270833  0.97062500  0.93562500  0.96458333  0.94875000]
 [ 0.97000000  0.98750000  0.95729167  0.97812500  0.98520833  0.97916667  0.96520833  0.95750000  0.96895833  0.98416667]
 [ 0.97625000  0.98750000  0.96125000  0.98500000  0.98770833  0.99354167  0.95833333  0.95500000  0.98500000  0.98520833]
 [ 0.99229167  0.98562500  0.97770833  0.99041667  0.99166667  0.98645833  0.97375000  0.99312500  0.97062500  0.98708333]
 [ 0.98041667  0.99270833  0.98312500  0.98416667  0.97583333  0.99229167  0.97854167  0.97395833  0.99229167  0.98666667]
 [ 0.99041667  0.99041667  0.99104167  0.98416667  0.98479167  0.99125000  0.99291667  0.99416667  0.99437500  0.99229167]
 [ 0.99687500  0.99687500  0.99687500  0.99687500  0.99687500  0.99687500  0.99687500  0.99687500  0.99687500  0.99687500]]
Libras
Resnet
[[        nan         nan         nan         nan         nan         nan         nan         nan         nan         nan]
 [ 0.38661110  0.42399999  0.45716665  0.40116665  0.36049999  0.31622221  0.32705555  0.40183332  0.40749999  0.40694443]
 [ 0.55827776  0.64355554  0.62411110  0.49794443  0.58338887  0.65366665  0.57499999  0.61144443  0.54905554  0.61833332]
 [ 0.60994443  0.63155554  0.71811109  0.62277776  0.71477776  0.70249998  0.68122220  0.71494442  0.67955554  0.58905554]
 [ 0.69266665  0.72233331  0.77705553  0.69811109  0.68983331  0.72511109  0.79555553  0.77461109  0.72716664  0.77299998]
 [ 0.72199998  0.78511109  0.77738887  0.75061109  0.75744442  0.77327775  0.82133331  0.77038887  0.71555553  0.77633331]
 [ 0.81011109  0.82105553  0.80799998  0.82149997  0.78605553  0.81166664  0.89533331  0.78299997  0.85494442  0.88033331]
 [ 0.82449997  0.84116664  0.79299997  0.85744442  0.86255553  0.90855553  0.89961109  0.89444442  0.83261109  0.86933331]
 [ 0.88349997  0.85255553  0.88633331  0.88105553  0.88683331  0.86766664  0.88055553  0.89066664  0.88077775  0.87883331]
 [ 0.90277775  0.90277775  0.90277775  0.90277775  0.90277775  0.90277775  0.90277775  0.90277775  0.90277775  0.90277775]]
MALSTM-FCN
[[        nan         nan         nan         nan         nan         nan         nan         nan         nan         nan]
 [ 0.47572221  0.44288888  0.52833332  0.49727777  0.45694443  0.38799999  0.45561110  0.40838888  0.51922221  0.51427776]
 [ 0.58166665  0.63238887  0.67433332  0.59711110  0.62722221  0.67605554  0.78483331  0.65666665  0.66194443  0.61077776]
 [ 0.68799998  0.75644442  0.77483331  0.63994443  0.73055553  0.71894442  0.69644442  0.71449998  0.71672220  0.66583332]
 [ 0.74216664  0.80316664  0.82372220  0.71227776  0.73044442  0.71744442  0.77522220  0.75483331  0.73105553  0.77833331]
 [ 0.75411109  0.79755553  0.79172220  0.81322220  0.77772220  0.81394442  0.87049998  0.83938886  0.73583331  0.79538886]
 [ 0.79388886  0.85827775  0.85133331  0.83655553  0.82005553  0.83911108  0.88561109  0.82594442  0.85155553  0.89905553]
 [ 0.84722220  0.84405553  0.86238886  0.88177775  0.87444442  0.89611109  0.89438886  0.86566664  0.83233331  0.85266664]
 [ 0.89322220  0.86077775  0.85877775  0.88327775  0.88266664  0.91127775  0.88455553  0.89566664  0.87661108  0.85561109]
 [ 0.91149997  0.91149997  0.91149997  0.91149997  0.91149997  0.91149997  0.91149997  0.91149997  0.91149997  0.91149997]]
InceptionTime
[[        nan         nan         nan         nan         nan         nan         nan         nan         nan         nan]
 [ 0.36049999  0.44644443  0.53233332  0.43599999  0.43383332  0.37055555  0.44999999  0.45938888  0.48216665  0.48049999]
 [ 0.56605554  0.64377776  0.62799998  0.57177776  0.60627776  0.67016665  0.65883331  0.62683332  0.63466665  0.58366665]
 [ 0.63161110  0.69072220  0.72472220  0.65916665  0.70794442  0.70749998  0.66449998  0.70216665  0.69166665  0.67283332]
 [ 0.79427775  0.73833331  0.75994442  0.71116665  0.76427775  0.75227775  0.78422220  0.75683331  0.71505554  0.76722220]
 [ 0.74577775  0.76483331  0.76027775  0.77938886  0.76305553  0.80155553  0.77194442  0.81277775  0.70716665  0.75822220]
 [ 0.76983331  0.79961109  0.79305553  0.85261109  0.83327775  0.79511109  0.81627775  0.80272220  0.85111109  0.83266664]
 [ 0.79638886  0.81749997  0.80099997  0.86422220  0.81822220  0.84305553  0.86488886  0.84172220  0.81799998  0.83877775]
 [ 0.83144442  0.82683331  0.83116664  0.84616664  0.86033331  0.87033331  0.88916664  0.85638886  0.84761109  0.86177775]
 [ 0.91272220  0.91272220  0.91272220  0.91272220  0.91272220  0.91272220  0.91272220  0.91272220  0.91272220  0.91272220]]
OSSE-LSTM
[[        nan         nan         nan         nan         nan         nan         nan         nan         nan         nan]
 [ 0.37611110  0.36694443  0.48416665  0.39677777  0.45961110  0.31883332  0.48983332  0.42016665  0.42427777  0.49083332]
 [ 0.67277776  0.75049998  0.71349998  0.65111109  0.67561109  0.79994442  0.73022220  0.73199998  0.70227776  0.72488887]
 [ 0.79738886  0.79616664  0.84372220  0.84849998  0.73349998  0.82122220  0.78099998  0.78499998  0.79161109  0.79011109]
 [ 0.82883331  0.86977775  0.93461109  0.73261109  0.82805553  0.82983331  0.89933331  0.81822220  0.84338886  0.86744442]
 [ 0.80988886  0.90305553  0.90772220  0.88405553  0.81477775  0.92911109  0.94894442  0.86994442  0.85399997  0.82166664]
 [ 0.88105553  0.92272220  0.92322219  0.92277775  0.88411108  0.92705553  0.93661108  0.90405553  0.94588886  0.94116664]
 [ 0.95194442  0.88811108  0.90494442  0.93855553  0.93216664  0.95711109  0.95911109  0.95383331  0.91711108  0.94488886]
 [ 0.94799997  0.92377775  0.92205553  0.93594442  0.94005553  0.95916664  0.96372220  0.95516664  0.90838886  0.95055553]
 [ 0.94305553  0.94305553  0.94305553  0.94305553  0.94305553  0.94305553  0.94305553  0.94305553  0.94305553  0.94305553]]
NATOPS
Resnet
[[ 0.78902775  0.75944442  0.81944442  0.77902776  0.74652776  0.81569442  0.80624997  0.70736109  0.80305553  0.81305553]
 [ 0.84222220  0.85069442  0.87152775  0.84916664  0.85472220  0.87736109  0.89597220  0.85805553  0.81597220  0.84388886]
 [ 0.86569442  0.93472220  0.86902775  0.84291664  0.85999997  0.92902776  0.88333331  0.91124998  0.90166664  0.87999998]
 [ 0.91388887  0.94027776  0.91624998  0.94027776  0.90388887  0.92180554  0.88013886  0.93333332  0.96916666  0.88416664]
 [ 0.93291665  0.93222220  0.92999998  0.95541665  0.89874998  0.91666665  0.92708331  0.96277777  0.97430555  0.95680554]
 [ 0.97263888  0.95847221  0.95749999  0.91999998  0.95111110  0.94277776  0.94666665  0.95791665  0.95319443  0.96208332]
 [ 0.94986110  0.94736110  0.93138887  0.95611110  0.96180554  0.93958332  0.93763887  0.94041665  0.95847221  0.93027776]
 [ 0.95930554  0.95749999  0.94819443  0.95986110  0.95555554  0.93874998  0.94291665  0.94986110  0.95416665  0.94027776]
 [ 0.96749999  0.96041665  0.96069443  0.94847221  0.95986110  0.93624998  0.95972221  0.95777777  0.95069443  0.95652777]
 [ 0.96152777  0.96152777  0.96152777  0.96152777  0.96152777  0.96152777  0.96152777  0.96152777  0.96152777  0.96152777]]
MALSTM-FCN
[[ 0.84083331  0.80138886  0.80152775  0.81194442  0.79749998  0.81722220  0.80888886  0.76055553  0.80263886  0.79583331]
 [ 0.80972220  0.84236109  0.86527775  0.81888886  0.85555553  0.91166665  0.90069442  0.88722220  0.86791664  0.89374997]
 [ 0.89805553  0.92361109  0.92583331  0.85833331  0.86138886  0.91749998  0.92513887  0.92513887  0.92833331  0.88555553]
 [ 0.91166664  0.91888887  0.95805554  0.93458332  0.92541665  0.91694442  0.91680554  0.93569443  0.93416665  0.88152775]
 [ 0.93749998  0.93041665  0.97055555  0.93222220  0.92416665  0.90569442  0.92916665  0.93583332  0.94055554  0.94069443]
 [ 0.94930554  0.95597221  0.95638888  0.94430554  0.93513887  0.93444443  0.95708332  0.95402776  0.94805554  0.93722220]
 [ 0.94694443  0.95986110  0.94361110  0.96583332  0.94180554  0.94208332  0.95305554  0.94486110  0.95708332  0.92694442]
 [ 0.96347221  0.94791665  0.95666665  0.95305554  0.96097221  0.94583332  0.94555554  0.95222221  0.97097221  0.94583332]
 [ 0.96791666  0.96263888  0.96902777  0.95652777  0.95041665  0.94347221  0.95861110  0.95208332  0.95347221  0.97124999]
 [ 0.96194443  0.96194443  0.96194443  0.96194443  0.96194443  0.96194443  0.96194443  0.96194443  0.96194443  0.96194443]]
InceptionTime
[[ 0.78541664  0.83791664  0.83722220  0.78305553  0.72888887  0.79944442  0.81763886  0.82041664  0.80847220  0.75374998]
 [ 0.80847220  0.82736108  0.85972220  0.81041664  0.82499997  0.88333331  0.88555553  0.84819442  0.83388886  0.87680553]
 [ 0.84833331  0.86958331  0.90708331  0.85958331  0.85652775  0.93569443  0.87569442  0.93027776  0.89388886  0.90486109]
 [ 0.92638887  0.91055553  0.91027776  0.92666665  0.92222220  0.92027776  0.91499998  0.92999998  0.89194442  0.89041664]
 [ 0.96208332  0.92222220  0.92999998  0.94027776  0.93027776  0.94666665  0.94694443  0.95416665  0.94208332  0.94624998]
 [ 0.93763887  0.93847221  0.95583332  0.94694443  0.94666665  0.93513887  0.93749998  0.94777776  0.92277776  0.93222220]
 [ 0.96972221  0.95847221  0.95638888  0.94333332  0.92666665  0.94624999  0.95888888  0.93819443  0.96194443  0.93291665]
 [ 0.93472220  0.94249998  0.96138888  0.96583332  0.93222220  0.96430554  0.91972220  0.93680554  0.95708332  0.94236109]
 [ 0.96111110  0.94361109  0.95916665  0.96027777  0.96694443  0.95166665  0.93555554  0.95833332  0.97013888  0.95305554]
 [ 0.96486110  0.96486110  0.96486110  0.96486110  0.96486110  0.96486110  0.96486110  0.96486110  0.96486110  0.96486110]]
OSSE-LSTM
[[ 0.79972220  0.80041664  0.83597220  0.92027776  0.91249998  0.85569442  0.87124998  0.82958331  0.85972220  0.84847219]
 [ 0.92499998  0.91319442  0.95402776  0.93541665  0.90624998  0.89638887  0.91291665  0.89861109  0.88416664  0.98625000]
 [ 0.94652776  0.96291666  0.95944443  0.90347220  0.96805555  0.94527776  0.96583332  0.94124998  0.91527776  0.93374998]
 [ 0.92111109  0.95611110  0.97777777  0.98930555  0.94194443  0.95444443  0.94624999  0.97791666  0.95861110  0.93930554]
 [ 0.97055555  0.95194443  0.96569443  0.96680555  0.96874999  0.95430554  0.96819444  0.97041666  0.94847221  0.96930555]
 [ 0.97833333  0.98236111  0.96930555  0.98402777  0.94236110  0.97986111  0.97569444  0.97416666  0.96944444  0.97555555]
 [ 0.97805555  0.97347221  0.98305555  0.97444444  0.95374999  0.97708333  0.98444444  0.97263888  0.96888888  0.97499999]
 [ 0.98527777  0.97722222  0.98458333  0.98861111  0.98458333  0.97013888  0.95736110  0.97430555  0.98291666  0.96249999]
 [ 0.99000000  0.98819444  0.97763888  0.96763888  0.99375000  0.97958333  0.97430555  0.99361111  0.99208333  0.98166666]
 [ 0.98541666  0.98541666  0.98541666  0.98541666  0.98541666  0.98541666  0.98541666  0.98541666  0.98541666  0.98541666]]
PenDigits
Resnet
[[ 0.97491667  0.96966667  0.97508333  0.97266667  0.96625000  0.97516667  0.96800000  0.97875000  0.98316667  0.97225000]
 [ 0.98266667  0.98200000  0.98266667  0.98358333  0.97975000  0.97891667  0.98541667  0.97275000  0.98558333  0.98366667]
 [ 0.97975000  0.98675000  0.98433333  0.98650000  0.98416667  0.98608333  0.98516667  0.98908333  0.98091667  0.98500000]
 [ 0.98275000  0.98858333  0.98500000  0.98483333  0.98283333  0.98775000  0.98025000  0.98683333  0.98358333  0.98083333]
 [ 0.98741667  0.98491667  0.98850000  0.98725000  0.98658333  0.98525000  0.98816667  0.98650000  0.98733333  0.98725000]
 [ 0.98475000  0.99158333  0.98600000  0.98900000  0.98558333  0.98650000  0.98783333  0.98758333  0.98733333  0.98666667]
 [ 0.98750000  0.98916667  0.98800000  0.98966667  0.98958333  0.99341667  0.98741667  0.98958333  0.98958333  0.98583333]
 [ 0.98800000  0.98816667  0.98975000  0.98933333  0.98950000  0.98508333  0.98825000  0.98600000  0.98708333  0.98466667]
 [ 0.99000000  0.98950000  0.99066667  0.98941667  0.98991667  0.98591667  0.98850000  0.98883333  0.98933333  0.98908333]
 [ 0.98933333  0.98933333  0.98933333  0.98933333  0.98933333  0.98933333  0.98933333  0.98933333  0.98933333  0.98933333]]
MALSTM-FCN
[[ 0.97450000  0.97041667  0.97675000  0.97425000  0.96591667  0.98075000  0.95950000  0.98216667  0.97808333  0.97258333]
 [ 0.98791667  0.97808333  0.98000000  0.98250000  0.97633333  0.97791667  0.97866667  0.97766667  0.98308333  0.98475000]
 [ 0.98291667  0.98191667  0.98491667  0.98575000  0.97766667  0.97725000  0.98566667  0.98658333  0.98058333  0.98983333]
 [ 0.98191667  0.98708333  0.98683333  0.98625000  0.98475000  0.98525000  0.98266667  0.99050000  0.98350000  0.98550000]
 [ 0.98350000  0.98533333  0.98816667  0.98733333  0.98425000  0.98691667  0.98875000  0.98241667  0.98958333  0.98716667]
 [ 0.98316667  0.98566667  0.98025000  0.98683333  0.98516667  0.98733333  0.98591667  0.98350000  0.98233333  0.98758333]
 [ 0.98916667  0.98691667  0.98658333  0.98783333  0.98808333  0.98716667  0.98408333  0.98975000  0.98650000  0.98616667]
 [ 0.99116667  0.98733333  0.98625000  0.98600000  0.98883333  0.98733333  0.98966667  0.98791667  0.98750000  0.98900000]
 [ 0.98633333  0.99033333  0.98900000  0.98983333  0.99091667  0.98941667  0.98675000  0.98983333  0.98741667  0.98616667]
 [ 0.99158333  0.99158333  0.99158333  0.99158333  0.99158333  0.99158333  0.99158333  0.99158333  0.99158333  0.99158333]]
InceptionTime
[[ 0.97850000  0.97508333  0.97566667  0.98133333  0.97983333  0.98391667  0.96475000  0.97758333  0.98366667  0.97725000]
 [ 0.98591667  0.98591667  0.98441667  0.98416667  0.98150000  0.98500000  0.98841667  0.97883333  0.98583333  0.98525000]
 [ 0.98483333  0.98758333  0.98708333  0.98783333  0.97900000  0.98525000  0.98516667  0.98608333  0.98425000  0.98450000]
 [ 0.98525000  0.99183333  0.98766667  0.98675000  0.98941667  0.98775000  0.98841667  0.98691667  0.98783333  0.98850000]
 [ 0.98758333  0.99233333  0.98816667  0.98758333  0.99091667  0.99116667  0.98525000  0.98958333  0.99041667  0.98641667]
 [ 0.98358333  0.98975000  0.98975000  0.98925000  0.98616667  0.99050000  0.98950000  0.98791667  0.98891667  0.99191667]
 [ 0.98916667  0.98825000  0.98583333  0.98908333  0.99058333  0.99291667  0.99033333  0.99025000  0.98658333  0.98725000]
 [ 0.98900000  0.99066667  0.99050000  0.99125000  0.98691667  0.98958333  0.98900000  0.98766667  0.98558333  0.99150000]
 [ 0.99058333  0.98875000  0.98700000  0.99325000  0.98966667  0.98875000  0.99025000  0.99033333  0.98858333  0.98858333]
 [ 0.99400000  0.99400000  0.99400000  0.99400000  0.99400000  0.99400000  0.99400000  0.99400000  0.99400000  0.99400000]]
OSSE-LSTM
[[ 0.98800000  0.98366667  0.97875000  0.98383333  0.98016667  0.98816667  0.97266667  0.98616667  0.98416667  0.98566667]
 [ 0.98858333  0.99125000  0.98641667  0.98341667  0.98508333  0.98600000  0.99066667  0.98541667  0.98866667  0.98491667]
 [ 0.99041667  0.98991667  0.98650000  0.98775000  0.98758333  0.98650000  0.98783333  0.99125000  0.98783333  0.98600000]
 [ 0.99141667  0.99116667  0.98750000  0.98941667  0.98841667  0.98741667  0.98725000  0.98766667  0.98633333  0.98800000]
 [ 0.98700000  0.99091667  0.99066667  0.98825000  0.98800000  0.98675000  0.99008333  0.99108333  0.99158333  0.98233333]
 [ 0.98733333  0.98958333  0.98891667  0.99133333  0.99083333  0.99025000  0.99016667  0.99158333  0.98808333  0.98733333]
 [ 0.98883333  0.99191667  0.98733333  0.98525000  0.98950000  0.98800000  0.98908333  0.98841667  0.99033333  0.99125000]
 [ 0.98958333  0.98966667  0.99083333  0.98925000  0.98766667  0.98650000  0.99025000  0.99183333  0.98783333  0.98983333]
 [ 0.98991667  0.99125000  0.98925000  0.99150000  0.99091667  0.98908333  0.98750000  0.99000000  0.98933333  0.99058333]
 [ 0.99208333  0.99208333  0.99208333  0.99208333  0.99208333  0.99208333  0.99208333  0.99208333  0.99208333  0.99208333]]
RacketSports
Resnet
[[ 0.55750000  0.66416667  0.64125000  0.68895833  0.64666667  0.55416667  0.71625000  0.69562500  0.43125000  0.71416667]
 [ 0.63750000  0.73020833  0.73875000  0.77291667  0.70354167  0.75083333  0.71020833  0.73083333  0.71833333  0.81500000]
 [ 0.79854167  0.75187500  0.77187500  0.79229167  0.76979167  0.73125000  0.76562500  0.76395833  0.77291667  0.77604167]
 [ 0.82437500  0.82583333  0.84520833  0.83500000  0.80687500  0.82375000  0.81437500  0.82833333  0.78666667  0.88500000]
 [ 0.84562500  0.82708333  0.81770833  0.82125000  0.86437500  0.80520833  0.77395833  0.80333333  0.80416667  0.82187500]
 [ 0.84479167  0.83708333  0.82770833  0.83520833  0.83895833  0.81604167  0.82125000  0.83583333  0.79166667  0.86770833]
 [ 0.84500000  0.87854167  0.86354167  0.84750000  0.86125000  0.88812500  0.78104167  0.85604167  0.83979167  0.86166667]
 [ 0.88020833  0.86520833  0.86520833  0.87145833  0.86416667  0.88270833  0.87833333  0.85687500  0.86375000  0.89145833]
 [ 0.87958333  0.84666667  0.85833333  0.87833333  0.88958333  0.86416667  0.89958333  0.86645833  0.88708333  0.87125000]
 [ 0.89750000  0.89750000  0.89750000  0.89750000  0.89750000  0.89750000  0.89750000  0.89750000  0.89750000  0.89750000]]
MALSTM-FCN
[[ 0.62020833  0.69895833  0.70666667  0.70416667  0.71187500  0.62791667  0.66458333  0.68208333  0.62604167  0.70250000]
 [ 0.68229167  0.74166667  0.77250000  0.74770833  0.74541667  0.75458333  0.74166667  0.70729167  0.72750000  0.81562500]
 [ 0.73895833  0.77666667  0.78666667  0.80854167  0.78062500  0.76958333  0.77458333  0.79729167  0.75875000  0.77270833]
 [ 0.82187500  0.79395833  0.78458333  0.84541667  0.80479167  0.84000000  0.81562500  0.81625000  0.81250000  0.85312500]
 [ 0.81500000  0.82666667  0.83583333  0.83395833  0.85208333  0.85437500  0.82437500  0.83083333  0.78812500  0.83791667]
 [ 0.83291667  0.87229167  0.85437500  0.81791667  0.84354167  0.81479167  0.83791667  0.81604167  0.81729167  0.87937500]
 [ 0.85583333  0.89125000  0.83333333  0.86166667  0.87125000  0.84562500  0.82354167  0.88208333  0.85125000  0.86541667]
 [ 0.86187500  0.88541667  0.87666667  0.85479167  0.89187500  0.87250000  0.86458333  0.83541667  0.85895833  0.90520833]
 [ 0.88875000  0.85500000  0.87479167  0.85687500  0.87125000  0.86854167  0.87562500  0.88833333  0.87666667  0.89187500]
 [ 0.87625000  0.87625000  0.87625000  0.87625000  0.87625000  0.87625000  0.87625000  0.87625000  0.87625000  0.87625000]]
InceptionTime
[[ 0.59583333  0.67791667  0.66166667  0.74958333  0.61062500  0.60375000  0.74562500  0.61187500  0.56395833  0.73854167]
 [ 0.67250000  0.73833333  0.79979167  0.77958333  0.72291667  0.75979167  0.74291667  0.76958333  0.70812500  0.80520833]
 [ 0.77812500  0.77479167  0.83333333  0.77875000  0.75604167  0.78250000  0.76562500  0.81604167  0.75812500  0.73458333]
 [ 0.84916667  0.83625000  0.80979167  0.84500000  0.82625000  0.83562500  0.83958333  0.81895833  0.75583333  0.87104167]
 [ 0.82916667  0.84500000  0.82625000  0.84437500  0.84395833  0.89479167  0.79687500  0.79750000  0.85145833  0.84562500]
 [ 0.84541667  0.87041667  0.83604167  0.81250000  0.86312500  0.78166667  0.84729167  0.87250000  0.83125000  0.85708333]
 [ 0.86520833  0.87916667  0.86250000  0.85312500  0.87708333  0.85354167  0.85250000  0.88541667  0.86291667  0.85666667]
 [ 0.87250000  0.86125000  0.87229167  0.83291667  0.88729167  0.85562500  0.88000000  0.84270833  0.89145833  0.89479167]
 [ 0.87625000  0.86229167  0.85854167  0.85750000  0.89020833  0.87041667  0.85958333  0.87541667  0.90000000  0.87083333]
 [ 0.88562500  0.88562500  0.88562500  0.88562500  0.88562500  0.88562500  0.88562500  0.88562500  0.88562500  0.88562500]]
OSSE-LSTM
[[ 0.65770833  0.74104167  0.73791667  0.75708333  0.73083333  0.71854167  0.75520833  0.67750000  0.65104167  0.73812500]
 [ 0.70583333  0.73895833  0.76166667  0.77708333  0.77416667  0.75625000  0.79166667  0.74791667  0.73437500  0.79770833]
 [ 0.76375000  0.80458333  0.81583333  0.80145833  0.81208333  0.75687500  0.78145833  0.82416667  0.74958333  0.79541667]
 [ 0.80604167  0.81645833  0.83791667  0.85812500  0.84312500  0.82229167  0.77500000  0.81020833  0.79000000  0.86416667]
 [ 0.83520833  0.81958333  0.81125000  0.81062500  0.85229167  0.78937500  0.79791667  0.80770833  0.76687500  0.81083333]
 [ 0.80979167  0.81166667  0.81854167  0.80583333  0.82791667  0.79000000  0.83395833  0.81895833  0.81312500  0.88083333]
 [ 0.86104167  0.80812500  0.85729167  0.83270833  0.85333333  0.82500000  0.81229167  0.87687500  0.86416667  0.83541667]
 [ 0.86625000  0.87062500  0.82958333  0.84500000  0.85291667  0.83875000  0.87104167  0.81041667  0.83104167  0.87312500]
 [ 0.86145833  0.84000000  0.85770833  0.84770833  0.90062500  0.86541667  0.90166667  0.87687500  0.83708333  0.84333333]
 [ 0.87708333  0.87708333  0.87708333  0.87708333  0.87708333  0.87708333  0.87708333  0.87708333  0.87708333  0.87708333]]
SelfRegulationSCP1
Resnet
[[ 0.82625000  0.82916667  0.84208333  0.86791667  0.80958333  0.81375000  0.78458333  0.83583333  0.80083333  0.82166667]
 [ 0.80875000  0.82666667  0.81333333  0.85875000  0.84041667  0.79916667  0.85166667  0.81875000  0.81375000  0.81541667]
 [ 0.85500000  0.82666667  0.83625000  0.87375000  0.84208333  0.85291667  0.85625000  0.82583333  0.79583333  0.81750000]
 [ 0.84958333  0.83500000  0.85000000  0.84083333  0.82375000  0.83333333  0.82375000  0.85375000  0.83875000  0.83375000]
 [ 0.82666667  0.85083333  0.84208333  0.83916667  0.82625000  0.83791667  0.85416667  0.83083333  0.82416667  0.84625000]
 [ 0.83625000  0.84583333  0.86250000  0.85916667  0.83791667  0.85416667  0.85375000  0.84416667  0.83333333  0.82916667]
 [ 0.87416667  0.85416667  0.83750000  0.85333333  0.82916667  0.84541667  0.86541667  0.82750000  0.84333333  0.85458333]
 [ 0.85125000  0.85583333  0.84375000  0.84541667  0.87416667  0.84083333  0.88458333  0.83583333  0.86916667  0.83916667]
 [ 0.83625000  0.83166667  0.85458333  0.86750000  0.82708333  0.87958333  0.85666667  0.87250000  0.86250000  0.83708333]
 [ 0.83333333  0.83333333  0.83333333  0.83333333  0.83333333  0.83333333  0.83333333  0.83333333  0.83333333  0.83333333]]
MALSTM-FCN
[[ 0.85625000  0.85791667  0.85666667  0.85833333  0.85458333  0.87000000  0.85083333  0.84541667  0.86708333  0.84666667]
 [ 0.87250000  0.83583333  0.89125000  0.87208333  0.84291667  0.83375000  0.83541667  0.87125000  0.83791667  0.84583333]
 [ 0.85583333  0.85750000  0.83291667  0.83833333  0.84833333  0.85000000  0.87125000  0.87833333  0.84416667  0.86000000]
 [ 0.84791667  0.89291667  0.87166667  0.87375000  0.86791667  0.85333333  0.84791667  0.89625000  0.87000000  0.85583333]
 [ 0.86041667  0.89333333  0.88333333  0.86166667  0.86250000  0.87583333  0.86625000  0.85291667  0.86250000  0.87375000]
 [ 0.87708333  0.89500000  0.84916667  0.87875000  0.87916667  0.87833333  0.85208333  0.87583333  0.86166667  0.88791667]
 [ 0.86416667  0.88458333  0.87458333  0.89000000  0.88208333  0.89166667  0.87708333  0.88666667  0.87041667  0.87875000]
 [ 0.88958333  0.88708333  0.87708333  0.88666667  0.88583333  0.88708333  0.89666667  0.88041667  0.89416667  0.88750000]
 [ 0.87458333  0.90458333  0.88708333  0.88541667  0.90708333  0.88958333  0.88125000  0.89041667  0.89416667  0.87500000]
 [ 0.90791667  0.90791667  0.90791667  0.90791667  0.90791667  0.90791667  0.90791667  0.90791667  0.90791667  0.90791667]]
InceptionTime
[[ 0.81125000  0.82375000  0.85375000  0.85541667  0.82875000  0.82041667  0.79458333  0.81333333  0.83666667  0.81000000]
 [ 0.82666667  0.85583333  0.81458333  0.86250000  0.81625000  0.83125000  0.83625000  0.81416667  0.82625000  0.79708333]
 [ 0.82000000  0.83666667  0.84041667  0.83416667  0.82958333  0.85583333  0.86000000  0.82000000  0.81291667  0.84666667]
 [ 0.83416667  0.86333333  0.83041667  0.86291667  0.84708333  0.84875000  0.83166667  0.85375000  0.83333333  0.79500000]
 [ 0.84291667  0.84375000  0.84875000  0.87041667  0.82375000  0.82250000  0.86833333  0.85541667  0.83541667  0.85125000]
 [ 0.84208333  0.84416667  0.87958333  0.84250000  0.83833333  0.86208333  0.86583333  0.89375000  0.82791667  0.88041667]
 [ 0.83958333  0.86625000  0.85250000  0.87583333  0.84666667  0.85791667  0.87291667  0.84791667  0.84083333  0.85250000]
 [ 0.85083333  0.87291667  0.83958333  0.85041667  0.87125000  0.84625000  0.85000000  0.82833333  0.85375000  0.87041667]
 [ 0.83583333  0.86750000  0.86041667  0.86875000  0.86125000  0.85041667  0.89416667  0.87416667  0.87750000  0.87250000]
 [ 0.85208333  0.85208333  0.85208333  0.85208333  0.85208333  0.85208333  0.85208333  0.85208333  0.85208333  0.85208333]]
OSSE-LSTM
[[ 0.84791667  0.88458333  0.85500000  0.86291667  0.82541667  0.83583333  0.82250000  0.83500000  0.81333333  0.83125000]
 [ 0.82708333  0.84833333  0.88500000  0.87125000  0.83583333  0.78791667  0.88000000  0.83083333  0.82875000  0.82000000]
 [ 0.84708333  0.90500000  0.89916667  0.85625000  0.82291667  0.85833333  0.89958333  0.89250000  0.86416667  0.86416667]
 [ 0.90333333  0.93541667  0.86000000  0.91333333  0.84833333  0.85833333  0.81500000  0.90416667  0.85333333  0.86916667]
 [ 0.88583333  0.92791667  0.91958333  0.87708333  0.87916667  0.87416667  0.90500000  0.90708333  0.87416667  0.86958333]
 [ 0.90250000  0.91000000  0.91000000  0.88833333  0.90708333  0.89416667  0.88833333  0.88666667  0.88041667  0.90666667]
 [ 0.91000000  0.91208333  0.90291667  0.88375000  0.89708333  0.91541667  0.90208333  0.90416667  0.90458333  0.90416667]
 [ 0.90750000  0.92375000  0.91750000  0.89750000  0.90083333  0.93375000  0.92125000  0.90791667  0.87958333  0.91791667]
 [ 0.89791667  0.91791667  0.90041667  0.92416667  0.90208333  0.85666667  0.91083333  0.89000000  0.90750000  0.91500000]
 [ 0.90708333  0.90708333  0.90708333  0.90708333  0.90708333  0.90708333  0.90708333  0.90708333  0.90708333  0.90708333]]
SelfRegulationSCP2
Resnet
[[ 0.49666667  0.50125000  0.49333333  0.51958333  0.51166667  0.52333333  0.52250000  0.51208333  0.51208333  0.50375000]
 [ 0.50916667  0.50583333  0.51250000  0.50500000  0.49750000  0.52375000  0.50875000  0.49750000  0.50708333  0.51208333]
 [ 0.49583333  0.50458333  0.49000000  0.51333333  0.51708333  0.50666667  0.50333333  0.52958333  0.52583333  0.50833333]
 [ 0.52291667  0.51625000  0.51458333  0.51208333  0.50875000  0.52000000  0.50625000  0.52875000  0.51541667  0.49583333]
 [ 0.52083333  0.51833333  0.51500000  0.51916667  0.52416667  0.49875000  0.50500000  0.51291667  0.50583333  0.50666667]
 [ 0.53125000  0.51458333  0.52125000  0.50041667  0.52375000  0.50291667  0.51333333  0.51500000  0.51958333  0.52666667]
 [ 0.51291667  0.50916667  0.50291667  0.51625000  0.54791667  0.50000000  0.51500000  0.50791667  0.50416667  0.50458333]
 [ 0.51291667  0.50458333  0.52625000  0.52083333  0.50708333  0.52791667  0.53208333  0.53833333  0.49500000  0.51583333]
 [ 0.53208333  0.53541667  0.50291667  0.49083333  0.51166667  0.51541667  0.49666667  0.51041667  0.49750000  0.51666667]
 [ 0.50166667  0.50166667  0.50166667  0.50166667  0.50166667  0.50166667  0.50166667  0.50166667  0.50166667  0.50166667]]
MALSTM-FCN
[[ 0.52583333  0.51333333  0.52041667  0.50250000  0.50833333  0.50875000  0.51625000  0.53250000  0.51291667  0.50375000]
 [ 0.49416667  0.50500000  0.48041667  0.48958333  0.52166667  0.50625000  0.51666667  0.49875000  0.49000000  0.51500000]
 [ 0.50250000  0.49500000  0.48916667  0.50458333  0.51708333  0.51458333  0.51083333  0.51333333  0.51416667  0.50500000]
 [ 0.51416667  0.50041667  0.50083333  0.51416667  0.47958333  0.51791667  0.50625000  0.49583333  0.50500000  0.51500000]
 [ 0.49458333  0.51291667  0.50916667  0.49333333  0.49958333  0.52000000  0.52416667  0.49291667  0.50833333  0.51125000]
 [ 0.49875000  0.51041667  0.51500000  0.50708333  0.50291667  0.50416667  0.50416667  0.51458333  0.50916667  0.49291667]
 [ 0.50958333  0.53000000  0.50333333  0.50000000  0.50083333  0.50458333  0.51500000  0.50125000  0.52041667  0.50500000]
 [ 0.50333333  0.51666667  0.50125000  0.49916667  0.50666667  0.52625000  0.50500000  0.50875000  0.51541667  0.50208333]
 [ 0.50500000  0.50208333  0.51458333  0.51041667  0.52041667  0.50375000  0.51500000  0.51166667  0.51291667  0.50333333]
 [ 0.51208333  0.51208333  0.51208333  0.51208333  0.51208333  0.51208333  0.51208333  0.51208333  0.51208333  0.51208333]]
InceptionTime
[[ 0.50333333  0.49583333  0.50791667  0.50375000  0.50625000  0.51250000  0.53166667  0.51666667  0.52291667  0.49875000]
 [ 0.49375000  0.51458333  0.49958333  0.49166667  0.48750000  0.50541667  0.49916667  0.50583333  0.51166667  0.52791667]
 [ 0.53375000  0.51916667  0.50541667  0.50583333  0.50291667  0.52291667  0.51875000  0.49250000  0.52541667  0.49916667]
 [ 0.52333333  0.49666667  0.52125000  0.49166667  0.49916667  0.51125000  0.50083333  0.51375000  0.50625000  0.48916667]
 [ 0.49541667  0.51208333  0.49875000  0.51333333  0.53333333  0.49250000  0.51875000  0.50541667  0.51000000  0.51833333]
 [ 0.52750000  0.52750000  0.50375000  0.50083333  0.50375000  0.52083333  0.50291667  0.53291667  0.48875000  0.50000000]
 [ 0.52166667  0.53208333  0.50166667  0.48708333  0.51166667  0.48791667  0.51208333  0.50083333  0.51583333  0.51583333]
 [ 0.54541667  0.52041667  0.50250000  0.50250000  0.49625000  0.52500000  0.53041667  0.54208333  0.52583333  0.52250000]
 [ 0.50458333  0.51083333  0.50541667  0.49833333  0.51541667  0.51666667  0.51125000  0.50958333  0.51125000  0.50208333]
 [ 0.52083333  0.52083333  0.52083333  0.52083333  0.52083333  0.52083333  0.52083333  0.52083333  0.52083333  0.52083333]]
OSSE-LSTM
[[ 0.52708333  0.53041667  0.49208333  0.51833333  0.51833333  0.51250000  0.54875000  0.51625000  0.50125000  0.50916667]
 [ 0.51041667  0.50208333  0.50291667  0.51500000  0.50083333  0.49875000  0.50875000  0.50541667  0.50458333  0.50041667]
 [ 0.50916667  0.49791667  0.51291667  0.49333333  0.52291667  0.51250000  0.53291667  0.52041667  0.51750000  0.52083333]
 [ 0.50000000  0.49625000  0.50791667  0.51000000  0.52291667  0.51833333  0.50875000  0.50875000  0.51416667  0.52250000]
 [ 0.51083333  0.52416667  0.51750000  0.49541667  0.50208333  0.52875000  0.51625000  0.51208333  0.48708333  0.50458333]
 [ 0.50916667  0.51333333  0.50166667  0.50416667  0.51666667  0.51583333  0.49000000  0.52583333  0.51375000  0.50875000]
 [ 0.50416667  0.51500000  0.49958333  0.52375000  0.49916667  0.51125000  0.50958333  0.51041667  0.50916667  0.50750000]
 [ 0.51083333  0.49583333  0.49833333  0.51666667  0.51541667  0.53166667  0.50125000  0.51125000  0.50791667  0.51291667]
 [ 0.51916667  0.50625000  0.52500000  0.51708333  0.50208333  0.51708333  0.49625000  0.50875000  0.50166667  0.50708333]
 [ 0.51541667  0.51541667  0.51541667  0.51541667  0.51541667  0.51541667  0.51541667  0.51541667  0.51541667  0.51541667]]